100,11000,1,0
100,11021,2,0
100,11275,3,0
100,11035,4,0
100,11051,5,0
100,11135,6,0
100,11139,7,0
100,11133,8,0
100,11134,9,0
100,11129,10,0
100,11137,11,0
100,11227,12,0
100,11228,13,0
100,11140,14,0
100,11142,15,0
100,11144,16,0
100,12042,17,0
100,12043,18,0
100,12044,19,0
100,14010,20,0
100,14001,21,0
100,14028,22,0
100,14030,23,0
100,14032,24,0
100,13061,25,0
100,13001,26,1
101,13001,1,0
101,13006,2,0
101,13007,3,0
101,14020,4,0
101,14025,5,0
101,14029,6,0
101,14002,7,0
101,12219,8,0
101,12250,9,0
101,12251,10,0
101,12252,11,0
101,12342,12,0
101,11131,13,0
101,11143,14,0
101,11141,15,0
101,11117,16,0
101,11120,17,0
101,11122,18,0
101,11123,19,0
101,11124,20,0
101,11125,21,0
101,11127,22,0
101,11051,23,0
101,11037,24,0
101,11031,25,0
101,11276,26,0
101,11274,27,0
101,11046,28,0
101,11022,29,0
101,11018,30,0
101,11000,31,1
200,12119,1,0
200,12120,2,0
200,12129,3,0
200,12130,4,0
200,12107,5,0
200,12105,6,0
200,12103,7,0
200,12108,8,0
200,12109,9,0
200,12192,10,0
200,12152,11,0
200,12194,12,0
200,12168,13,0
200,12166,14,0
200,12165,15,0
200,12056,16,0
200,12054,17,0
200,12052,18,0
200,12050,19,0
200,12147,20,0
200,12143,21,0
200,12117,22,0
200,12178,23,0
200,14001,24,0
200,14028,25,0
200,14030,26,0
200,14032,27,0
200,13061,28,0
200,13001,29,1
201,13001,1,0
201,13006,2,0
201,13007,3,0
201,14020,4,0
201,14025,5,0
201,14029,6,0
201,14002,7,0
201,12179,8,0
201,12176,9,0
201,12188,10,0
201,12173,11,0
201,12174,12,0
201,12047,13,0
201,12048,14,0
201,12049,15,0
201,12051,16,0
201,12055,17,0
201,12164,18,0
201,12167,19,0
201,12346,20,0
201,12347,21,0
201,12183,22,0
201,12184,23,0
201,12185,24,0
201,12186,25,0
201,12321,26,0
201,12104,27,0
201,12131,28,0
201,12128,29,0
201,12323,30,0
201,12126,31,0
201,12127,32,0
201,12300,33,0
201,12301,34,0
201,12302,35,0
201,12119,36,1
300,12119,1,0
300,12120,2,0
300,12324,3,0
300,12325,4,0
300,12199,5,0
300,12200,6,0
300,12201,7,0
300,12202,8,0
300,12203,9,0
300,12204,10,0
300,12328,11,0
300,12205,12,0
300,12206,13,0
300,12329,14,0
300,11280,15,0
300,11251,16,0
300,11156,17,0
300,11154,18,0
300,11168,19,0
300,11150,20,0
300,11068,21,0
300,11148,22,0
300,11274,23,0
300,11022,24,0
300,11018,25,0
300,11000,26,1
301,11000,1,0
301,11021,2,0
301,11147,3,0
301,11067,4,0
301,11149,5,0
301,11151,6,0
301,11153,7,0
301,11155,8,0
301,11278,9,0
301,11157,10,0
301,11158,11,0
301,12028,12,0
301,12029,13,0
301,12207,14,0
301,12208,15,0
301,12209,16,0
301,12210,17,0
301,12212,18,0
301,12213,19,0
301,12217,20,0
301,12323,21,0
301,12126,22,0
301,12127,23,0
301,12300,24,0
301,12301,25,0
301,12302,26,0
301,12119,27,1
500,13024,1,0
500,13059,2,0
500,13060,3,0
500,13530,4,0
500,13061,5,0
500,13001,6,0
500,13006,7,0
500,13500,8,0
500,13501,9,0
500,13502,10,0
500,13503,11,0
500,13504,12,0
500,13505,13,0
500,13508,14,0
500,13509,15,1
501,13509,1,0
501,13510,2,0
501,13533,3,0
501,13517,4,0
501,13532,5,0
501,13359,6,0
501,13001,7,0
501,13006,8,0
501,13007,9,0
501,13008,10,0
501,13009,11,0
501,13021,12,0
501,13022,13,0
501,13023,14,0
501,13024,15,1
5100,13001,1,0
5100,13006,2,0
5100,13046,3,0
5100,13047,4,0
5100,13048,5,0
5100,13049,6,0
5100,13041,7,0
5100,13351,8,0
5100,13352,9,0
5100,13353,10,0
5100,13354,11,0
5100,13355,12,0
5100,13356,13,0
5100,13357,14,0
5100,13521,15,0
5100,13024,16,1
5101,13024,1,0
5101,13059,2,0
5101,13060,3,0
5101,13034,4,0
5101,13035,5,0
5101,13036,6,0
5101,13037,7,0
5101,13038,8,0
5101,13039,9,0
5101,13040,10,0
5101,13091,11,0
5101,13042,12,0
5101,13043,13,0
5101,13044,14,0
5101,13061,15,0
5101,13001,16,1
5200,13509,1,0
5200,13510,2,0
5200,13504,3,0
5200,13505,4,0
5200,13506,5,0
5200,13335,6,0
5200,13336,7,0
5200,13337,8,0
5200,13082,9,0
5200,11338,10,0
5200,13339,11,0
5200,13340,12,0
5200,13341,13,0
5200,13342,14,0
5200,13343,15,0
5200,13344,16,0
5200,13345,17,0
5200,13042,18,0
5200,13043,19,0
5200,13044,20,0
5200,13061,21,0
5200,13001,22,1
5201,13001,1,0
5201,13006,2,0
5201,13046,3,0
5201,13047,4,0
5201,13048,5,0
5201,13049,6,0
5201,13063,7,0
5201,13064,8,0
5201,13065,9,0
5201,13066,10,0
5201,13067,11,0
5201,13068,12,0
5201,13069,13,0
5201,13070,14,0
5201,13346,15,0
5201,13347,16,0
5201,13348,17,0
5201,13349,18,0
5201,13350,19,0
5201,13508,20,0
5201,13509,21,1
5300,13001,1,0
5300,13006,2,0
5300,13320,3,0
5300,13322,4,0
5300,13323,5,0
5300,13324,6,0
5300,13325,7,0
5300,13326,8,0
5300,13327,9,0
5300,13328,10,0
5300,13329,11,0
5300,13314,12,0
5300,13316,13,0
5300,13318,14,0
5300,13307,15,1
5301,13307,1,0
5301,13315,2,0
5301,13317,3,0
5301,13319,4,0
5301,13330,5,0
5301,13331,6,0
5301,13332,7,0
5301,13333,8,0
5301,13083,9,0
5301,13085,10,0
5301,13086,11,0
5301,13087,12,0
5301,13088,13,0
5301,13359,14,0
5301,13001,15,1
6200,12215,1,0
6200,12107,2,0
6200,12105,3,0
6200,12103,4,0
6200,12135,5,0
6200,12136,6,0
6200,12140,7,0
6200,12142,8,0
6200,12160,9,0
6200,12161,10,0
6200,12164,11,0
6200,12167,12,0
6200,12189,13,0
6200,12190,14,0
6200,12191,15,0
6200,12193,16,0
6200,12021,17,0
6200,12041,18,0
6200,12039,19,0
6200,14035,20,0
6200,14001,21,1
6201,14001,1,0
6201,12038,2,0
6201,12022,3,0
6201,12195,4,0
6201,12196,5,0
6201,12197,6,0
6201,12168,7,0
6201,12166,8,0
6201,12165,9,0
6201,12162,10,0
6201,12163,11,0
6201,12319,12,0
6201,12320,13,0
6201,12138,14,0
6201,12137,15,0
6201,12186,16,0
6201,12321,17,0
6201,12104,18,0
6201,12215,19,1
1000400,13307,1,0
1000400,13315,2,0
1000400,13317,3,0
1000400,13319,4,0
1000400,13321,5,0
1000400,13301,6,0
1000400,13313,7,0
1000400,14019,8,0
1000400,14027,9,0
1000400,14001,10,0
1000400,14024,11,0
1000400,12334,12,0
1000400,12335,13,0
1000400,12336,14,0
1000400,12316,15,0
1000400,12317,16,0
1000400,12318,17,0
1000400,12020,18,0
1000400,12019,19,0
1000400,12018,20,0
1000400,12309,21,0
1000400,12310,22,0
1000400,12311,23,0
1000400,12333,24,0
1000400,12312,25,0
1000400,12331,26,0
1000400,12014,27,0
1000400,12013,28,0
1000400,12012,29,0
1000400,12011,30,0
1000400,12010,31,1
1000401,12010,1,0
1000401,12009,2,0
1000401,12314,3,0
1000401,12315,4,0
1000401,12031,5,0
1000401,12032,6,0
1000401,12034,7,0
1000401,12035,8,0
1000401,12036,9,0
1000401,12037,10,0
1000401,14000,11,0
1000401,14027,12,0
1000401,14019,13,0
1000401,13300,14,0
1000401,13312,15,0
1000401,13314,16,0
1000401,13316,17,0
1000401,13307,18,1
1006000,11000,1,0
1006000,11021,2,0
1006000,11022,3,0
1006000,11019,4,0
1006000,11027,5,0
1006000,11030,6,0
1006000,11032,7,0
1006000,11033,8,0
1006000,11159,9,0
1006000,11038,10,0
1006000,11040,11,0
1006000,11041,12,0
1006000,11034,13,0
1006000,11042,14,0
1006000,11008,15,0
1006000,11009,16,0
1006000,11010,17,0
1006000,11014,18,0
1006000,11015,19,0
1006000,11051,20,0
1006000,11112,21,0
1006000,11114,22,0
1006000,11116,23,0
1006000,11118,24,0
1006000,11281,25,0
1006000,11253,26,0
1006000,11260,27,0
1006000,11109,28,0
1006000,14005,29,0
1006000,14033,30,0
1006000,14032,31,0
1006000,14019,32,0
1006000,14027,33,0
1006000,14001,34,1
1006001,14000,1,0
1006001,14017,2,0
1006001,14018,3,0
1006001,14020,4,0
1006001,14025,5,0
1006001,14034,6,0
1006001,14006,7,0
1006001,11109,8,0
1006001,11110,9,0
1006001,11261,10,0
1006001,11121,11,0
1006001,11119,12,0
1006001,11115,13,0
1006001,11113,14,0
1006001,11051,15,0
1006001,11277,16,0
1006001,11007,17,0
1006001,11002,18,0
1006001,11003,19,0
1006001,11004,20,0
1006001,11005,21,0
1006001,11043,22,0
1006001,11011,23,0
1006001,11012,24,0
1006001,11013,25,0
1006001,11254,26,0
1006001,11255,27,0
1006001,11256,28,0
1006001,11257,29,0
1006001,11258,30,0
1006001,11259,31,0
1006001,11016,32,0
1006001,11017,33,0
1006001,11018,34,0
1006001,11000,35,1
1006100,11000,1,0
1006100,11021,2,0
1006100,11132,3,0
1006100,11136,4,0
1006100,11138,5,0
1006100,11145,6,0
1006100,11146,7,0
1006100,11175,8,0
1006100,11176,9,0
1006100,11177,10,0
1006100,11179,11,0
1006100,11218,12,0
1006100,11047,13,0
1006100,11049,14,0
1006100,11050,15,0
1006100,11140,16,0
1006100,11142,17,0
1006100,11229,18,0
1006100,11191,19,0
1006100,11193,20,0
1006100,14009,21,0
1006100,14010,22,0
1006100,14035,23,0
1006100,14001,24,1
1006101,14001,1,0
1006101,12219,2,0
1006101,12218,3,0
1006101,11192,4,0
1006101,11230,5,0
1006101,11190,6,0
1006101,11141,7,0
1006101,11279,8,0
1006101,11250,9,0
1006101,11181,10,0
1006101,11180,11,0
1006101,11194,12,0
1006101,11169,13,0
1006101,11170,14,0
1006101,11094,15,0
1006101,11095,16,0
1006101,11097,17,0
1006101,11161,18,0
1006101,11130,19,0
1006101,11022,20,0
1006101,11018,21,0
1006101,11000,22,1
2000400,13307,1,0
2000400,13315,2,0
2000400,13317,3,0
2000400,13319,4,0
2000400,13321,5,0
2000400,13301,6,0
2000400,13313,7,0
2000400,14019,8,0
2000400,14027,9,0
2000400,14001,10,0
2000400,14024,11,0
2000400,12334,12,0
2000400,12335,13,0
2000400,12336,14,0
2000400,12316,15,0
2000400,12317,16,0
2000400,12318,17,0
2000400,12020,18,0
2000400,12019,19,0
2000400,12018,20,0
2000400,12305,21,0
2000400,12304,22,0
2000400,12303,23,0
2000400,12330,24,0
2000400,12313,25,0
2000400,12326,26,0
2000400,12306,27,0
2000400,12307,28,0
2000400,12322,29,0
2000400,12308,30,1
2000401,12308,1,0
2000401,12009,2,0
2000401,12314,3,0
2000401,12315,4,0
2000401,12031,5,0
2000401,12032,6,0
2000401,12034,7,0
2000401,12035,8,0
2000401,12036,9,0
2000401,12037,10,0
2000401,14000,11,0
2000401,14017,12,0
2000401,14018,13,0
2000401,13300,14,0
2000401,13312,15,0
2000401,13314,16,0
2000401,13316,17,0
2000401,13318,18,0
2000401,13307,19,1
2006000,11000,1,0
2006000,11021,2,0
2006000,11132,3,0
2006000,11055,4,0
2006000,11057,5,0
2006000,11065,6,0
2006000,11128,7,0
2006000,11076,8,0
2006000,11073,9,0
2006000,11072,10,0
2006000,11151,11,0
2006000,11246,12,0
2006000,11098,13,0
2006000,11253,14,0
2006000,11260,15,0
2006000,11109,16,0
2006000,14003,17,0
2006000,14005,18,0
2006000,14033,19,0
2006000,14032,20,0
2006000,14019,21,0
2006000,14027,22,0
2006000,14001,23,1
2006001,14000,1,0
2006001,14017,2,0
2006001,14018,3,0
2006001,14020,4,0
2006001,14025,5,0
2006001,14034,6,0
2006001,14006,7,0
2006001,11110,8,0
2006001,11261,9,0
2006001,11099,10,0
2006001,11237,11,0
2006001,11150,12,0
2006001,11071,13,0
2006001,11223,14,0
2006001,11074,15,0
2006001,11075,16,0
2006001,11064,17,0
2006001,11066,18,0
2006001,11056,19,0
2006001,11058,20,0
2006001,11130,21,0
2006001,11022,22,0
2006001,11018,23,0
2006001,11000,24,1
2006100,14001,1,0
2006100,12219,2,0
2006100,12218,3,0
2006100,11192,4,0
2006100,11230,5,0
2006100,11190,6,0
2006100,11141,7,0
2006100,11279,8,0
2006100,11250,9,0
2006100,11181,10,0
2006100,11180,11,0
2006100,11194,12,0
2006100,11198,13,0
2006100,11200,14,0
2006100,11201,15,0
2006100,11213,16,0
2006100,11220,17,0
2006100,11221,18,0
2006100,11222,19,0
2006100,11224,20,0
2006100,11226,21,0
2006100,11000,22,1
2006101,11000,1,0
2006101,11231,2,0
2006101,11232,3,0
2006101,11268,4,0
2006101,11269,5,0
2006101,11270,6,0
2006101,11271,7,0
2006101,11199,8,0
2006101,11195,9,0
2006101,11176,10,0
2006101,11177,11,0
2006101,11179,12,0
2006101,11218,13,0
2006101,11047,14,0
2006101,11049,15,0
2006101,11050,16,0
2006101,11140,17,0
2006101,11142,18,0
2006101,11229,19,0
2006101,11191,20,0
2006101,11193,21,0
2006101,14009,22,0
2006101,14010,23,0
2006101,14035,24,0
2006101,14001,25,1
3006000,11051,1,0
3006000,11112,2,0
3006000,11114,3,0
3006000,11116,4,0
3006000,11118,5,0
3006000,11281,6,0
3006000,11253,7,0
3006000,11260,8,0
3006000,11109,9,0
3006000,14003,10,0
3006000,14005,11,0
3006000,14033,12,0
3006000,14032,13,0
3006000,14019,14,0
3006000,14027,15,0
3006000,14001,16,1
3006001,14000,1,0
3006001,14017,2,0
3006001,14018,3,0
3006001,14020,4,0
3006001,14025,5,0
3006001,14034,6,0
3006001,14006,7,0
3006001,11110,8,0
3006001,11261,9,0
3006001,11121,10,0
3006001,11119,11,0
3006001,11115,12,0
3006001,11113,13,0
3006001,11111,14,0
3006001,11051,15,1
