'4d38c5cc-3dba-4e50-93f0-ba035b619c80',100,63600,4,'',0,7100,4,'',0,3000,4,'',0,6500,4,'',0,2100,4,'',0,2100,4,'',0,6100,4,'',0,2100,4,'',0,2100,4,'',0,6100,4,'',0,2100,4,'',0,2100,4,'',0,6100,4,'',0,2100,4,'',0,2100,4,'',0,6100,4,'',0,2100,4,'',0,2100,4,'',0,6100,4,'',0,2100,4,'',0,2100,4,'',0,6100,4,'',0,2100,4,'',0,6100,4,'',0,2100,4,'',0,2100,4,'',0,6100,4,'',0,2500,4,'',0,2300,4,'',0,6300,4,'',0,2300,4,'',0,6300,4,'',0,2300,4,'',0,1900,4,'',0,6100,4,'',0,2100,4,'',0,1900,4,'',0,6300,4,'',0,2100,4,'',0,2100,4,'',0,7000,4,'',0,3000,4,'',0,7000,4,'',0,3000,4,'',0,7000,4,'',0,2600,4,'',0
'4d38c5cc-3dba-4e50-93f0-ba035b619c80',101,55500,,'',0,7000,,'',0,2500,,'',0,6100,,'',0,2100,,'',0,2100,,'',0,6100,,'',0,2100,,'',0,2100,,'',0,6100,,'',0,2100,,'',0,2100,,'',0,6100,,'',0,2100,,'',0,6100,,'',0,2100,,'',0,2100,,'',0,6100,,'',0,2100,,'',0,2100,,'',0,6100,,'',0,2100,,'',0,2100,,'',0,6100,,'',0,2100,,'',0,2100,,'',0,6300,,'',0,2300,,'',0,6300,,'',0,2300,,'',0,2300,,'',0,6300,,'',0,2300,,'',0,2100,,'',0,6100,,'',0,1900,,'',0,2300,,'',0,6100,,'',0,2500,,'',0,7000,,'',0,3000,,'',0,7000,,'',0,3000,,'',0,7000,,'',0,2600,,'',0,6500,,'',0,2000,,'',0
'91a8ac7c-ec47-4555-a43a-8b0dd0527186',100,83600,4,'',0,6800,4,'',0,3000,4,'',0,7000,4,'',0,3000,4,'',0,7000,4,'',0,3000,4,'',0,7000,4,'',0,3000,4,'',0,7000,4,'',0,3000,4,'',0,7000,4,'',0,3000,4,'',0,7000,4,'',0,3000,4,'',0,7000,4,'',0,3000,4,'',0,7000,4,'',0,3000,4,'',0,7000,4,'',0,3000,4,'',0
'91a8ac7c-ec47-4555-a43a-8b0dd0527186',101,75700,,'',0,7000,,'',0,3000,,'',0,7000,,'',0,3000,,'',0,7000,,'',0,3000,,'',0,7000,,'',0,3000,,'',0,7000,,'',0,3000,,'',0,7000,,'',0,3000,,'',0,7000,,'',0,3000,,'',0,7000,,'',0,3000,,'',0,7000,,'',0,3000,,'',0,7000,,'',0,2500,,'',0,6300,,'',0
'a9456778-c26e-483a-99f8-bc81915c21e1',100,83600,4,'',0,6800,4,'',0,3000,4,'',0,7000,4,'',0,3000,4,'',0,7000,4,'',0,3000,4,'',0,7000,4,'',0,3000,4,'',0,7000,4,'',0,3000,4,'',0,7000,4,'',0,3000,4,'',0,7000,4,'',0,3000,4,'',0,7000,4,'',0,3000,4,'',0,7000,4,'',0,3000,4,'',0,7000,4,'',0,3000,4,'',0
'a9456778-c26e-483a-99f8-bc81915c21e1',101,75700,,'',0,7000,,'',0,3000,,'',0,7000,,'',0,3000,,'',0,7000,,'',0,3000,,'',0,7000,,'',0,3000,,'',0,7000,,'',0,3000,,'',0,7000,,'',0,3000,,'',0,7000,,'',0,3000,,'',0,7000,,'',0,3000,,'',0,7000,,'',0,3000,,'',0,7000,,'',0,2500,,'',0,6300,,'',0
'd5d56138-168e-428d-b0b3-13cb4d8bef77',100,73400,4,'',0,7000,4,'',0,3000,4,'',0,7000,4,'',0,3000,4,'',0,7000,4,'',0,3000,4,'',0,7000,4,'',0,3000,4,'',0,7000,4,'',0,3000,4,'',0,7000,4,'',0,3000,4,'',0,7000,4,'',0,3000,4,'',0,7000,4,'',0,3000,4,'',0,7000,4,'',0,3000,4,'',0,7000,4,'',0,3000,4,'',0,7000,4,'',0,3000,4,'',0,7000,4,'',0,3000,4,'',0,7000,4,'',0,3000,4,'',0,7000,4,'',0,3000,4,'',0,7000,4,'',0,3000,4,'',0,7000,4,'',0,3000,4,'',0
'd5d56138-168e-428d-b0b3-13cb4d8bef77',101,65700,,'',0,7000,,'',0,3000,,'',0,7000,,'',0,3000,,'',0,7000,,'',0,3000,,'',0,7000,,'',0,3000,,'',0,7000,,'',0,3000,,'',0,7000,,'',0,3000,,'',0,7000,,'',0,3000,,'',0,7000,,'',0,3000,,'',0,7000,,'',0,3000,,'',0,7000,,'',0,3000,,'',0,7000,,'',0,3000,,'',0,7000,,'',0,3000,,'',0,7000,,'',0,3000,,'',0,7000,,'',0,3000,,'',0,7000,,'',0,3000,,'',0,7000,,'',0,2500,,'',0,6300,,'',0
'4d38c5cc-3dba-4e50-93f0-ba035b619c80',300,62100,4,'',0,8500,4,'',0,3000,4,'',0,7000,4,'',0,3000,4,'',0,7000,4,'',0,3000,4,'',0,7000,4,'',0,3000,4,'',0,7000,4,'',0,3000,4,'',0,7000,4,'',0,3000,4,'',0,7000,4,'',0,3000,4,'',0,7000,4,'',0,3000,4,'',0,7000,4,'',0,3000,4,'',0,7000,4,'',0,3000,4,'',0,7000,4,'',0,3000,4,'',0,7000,4,'',0,3000,4,'',0,7000,4,'',0,3000,4,'',0,7000,4,'',0,3000,4,'',0,7000,4,'',0,3000,4,'',0,7000,4,'',0,3000,4,'',0,7000,4,'',0,3000,4,'',0
'4d38c5cc-3dba-4e50-93f0-ba035b619c80',301,61500,,'',0,3000,,'',0,7000,,'',0,3000,,'',0,7000,,'',0,3000,,'',0,7000,,'',0,3000,,'',0,7000,,'',0,3000,,'',0,7000,,'',0,3000,,'',0,7000,,'',0,3000,,'',0,7000,,'',0,3000,,'',0,7000,,'',0,3000,,'',0,7000,,'',0,3000,,'',0,7000,,'',0,3000,,'',0,7000,,'',0,3000,,'',0,7000,,'',0,3000,,'',0,7000,,'',0,3000,,'',0,7000,,'',0,3000,,'',0,7000,,'',0,3000,,'',0,7000,,'',0,3000,,'',0,7000,,'',0
'91a8ac7c-ec47-4555-a43a-8b0dd0527186',300,82200,4,'',0,8300,4,'',0,3000,4,'',0,7000,4,'',0,3000,4,'',0,7000,4,'',0,3000,4,'',0,7000,4,'',0,3000,4,'',0,7000,4,'',0,3000,4,'',0,7000,4,'',0,3000,4,'',0,7000,4,'',0,3000,4,'',0,7000,4,'',0,3000,4,'',0,7000,4,'',0,3000,4,'',0,7000,4,'',0,3000,4,'',0
'91a8ac7c-ec47-4555-a43a-8b0dd0527186',301,81500,,'',0,3000,,'',0,7000,,'',0,3000,,'',0,7000,,'',0,3000,,'',0,7000,,'',0,3000,,'',0,7000,,'',0,3000,,'',0,7000,,'',0,3000,,'',0,7000,,'',0,3000,,'',0,7000,,'',0,3000,,'',0,7000,,'',0,3000,,'',0,7000,,'',0,3000,,'',0,7000,,'',0
'a9456778-c26e-483a-99f8-bc81915c21e1',300,83800,4,'',0,7000,4,'',0,3000,4,'',0,7000,4,'',0,3000,4,'',0,7000,4,'',0,3000,4,'',0,7000,4,'',0,3000,4,'',0,7000,4,'',0,3000,4,'',0,7000,4,'',0,3000,4,'',0,7000,4,'',0,3000,4,'',0,7000,4,'',0,3000,4,'',0,7000,4,'',0,3000,4,'',0,7000,4,'',0,3000,4,'',0
'a9456778-c26e-483a-99f8-bc81915c21e1',301,80000,,'',0,4300,,'',0,7000,,'',0,3000,,'',0,7000,,'',0,3000,,'',0,7000,,'',0,3000,,'',0,7000,,'',0,3000,,'',0,7000,,'',0,3000,,'',0,7000,,'',0,3000,,'',0,7000,,'',0,3000,,'',0,7000,,'',0,3000,,'',0,7000,,'',0,3000,,'',0,7000,,'',0
'd5d56138-168e-428d-b0b3-13cb4d8bef77',300,72100,4,'',0,8400,4,'',0,3000,4,'',0,7000,4,'',0,3000,4,'',0,7000,4,'',0,3000,4,'',0,7000,4,'',0,3000,4,'',0,7000,4,'',0,3000,4,'',0,7000,4,'',0,3000,4,'',0,7000,4,'',0,3000,4,'',0,7000,4,'',0,3000,4,'',0,7000,4,'',0,3000,4,'',0,7000,4,'',0,3000,4,'',0,7000,4,'',0,3000,4,'',0,7000,4,'',0,3000,4,'',0,7000,4,'',0,3000,4,'',0,7000,4,'',0,3000,4,'',0,7000,4,'',0,3000,4,'',0,7000,4,'',0,3000,4,'',0
'd5d56138-168e-428d-b0b3-13cb4d8bef77',301,71500,,'',0,3000,,'',0,7000,,'',0,3000,,'',0,7000,,'',0,3000,,'',0,7000,,'',0,3000,,'',0,7000,,'',0,3000,,'',0,7000,,'',0,3000,,'',0,7000,,'',0,3000,,'',0,7000,,'',0,3000,,'',0,7000,,'',0,3000,,'',0,7000,,'',0,3000,,'',0,7000,,'',0,3000,,'',0,7000,,'',0,3000,,'',0,7000,,'',0,3000,,'',0,7000,,'',0,3000,,'',0,7000,,'',0,3000,,'',0,7000,,'',0,3000,,'',0,7000,,'',0
'4d38c5cc-3dba-4e50-93f0-ba035b619c80',1006000,64500,,'',0,9400,,'',0,10000,,'',0,10000,,'',0,10000,,'',0,10000,,'',0,10000,,'',0,10000,,'',0,10000,,'',0,10000,,'',0,10000,,'',0,10000,,'',0,10000,,'',0
'4d38c5cc-3dba-4e50-93f0-ba035b619c80',1006001,62100,4,'',0,8800,4,'',0,10200,4,'',0,10000,4,'',0,10000,4,'',0,10000,4,'',0,10000,4,'',0,10000,4,'',0,10000,4,'',0,10000,4,'',0,10000,4,'',0,10000,4,'',0,10000,4,'',0
'4d38c5cc-3dba-4e50-93f0-ba035b619c80',1006100,62100,4,'',0,8000,4,'',0,4000,4,'',0,8000,4,'',0,8000,4,'',0,4000,4,'',0,8000,4,'',0,8000,4,'',0,4000,4,'',0,8000,4,'',0,8000,4,'',0,4000,4,'',0,8000,4,'',0,8000,4,'',0,4000,4,'',0,8000,4,'',0,8000,4,'',0,4000,4,'',0,8000,4,'',0
'4d38c5cc-3dba-4e50-93f0-ba035b619c80',1006101,64200,,'',0,8000,,'',0,8000,,'',0,4000,,'',0,8000,,'',0,8000,,'',0,4000,,'',0,8000,,'',0,8000,,'',0,4000,,'',0,8000,,'',0,8000,,'',0,4000,,'',0,8000,,'',0,8000,,'',0,4000,,'',0,8000,,'',0,8000,,'',0,4000,,'',0
'4d38c5cc-3dba-4e50-93f0-ba035b619c80',2006000,62100,,'',0,9400,,'',0,10000,,'',0,10000,,'',0,10000,,'',0,10000,,'',0,10000,,'',0,10000,,'',0,10000,,'',0,10000,,'',0,10000,,'',0,10000,,'',0,10000,,'',0
'4d38c5cc-3dba-4e50-93f0-ba035b619c80',2006001,64300,4,'',0,9400,4,'',0,10000,4,'',0,10000,4,'',0,10000,4,'',0,10000,4,'',0,10000,4,'',0,10000,4,'',0,10000,4,'',0,10000,4,'',0,10000,4,'',0,10000,4,'',0,10000,4,'',0
'4d38c5cc-3dba-4e50-93f0-ba035b619c80',2006100,62200,,'',0,8000,,'',0,4000,,'',0,8000,,'',0,8000,,'',0,4000,,'',0,8000,,'',0,8000,,'',0,4000,,'',0,8000,,'',0,8000,,'',0,4000,,'',0,8000,,'',0,8000,,'',0,4000,,'',0,8000,,'',0,8000,,'',0,4000,,'',0,8000,,'',0
'4d38c5cc-3dba-4e50-93f0-ba035b619c80',2006101,64200,4,'',0,8000,4,'',0,8000,4,'',0,4000,4,'',0,8000,4,'',0,8000,4,'',0,4000,4,'',0,8000,4,'',0,8000,4,'',0,4000,4,'',0,8000,4,'',0,8000,4,'',0,4000,4,'',0,8000,4,'',0,8000,4,'',0,4000,4,'',0,8000,4,'',0,8000,4,'',0,4000,4,'',0
