'4d2dd454-ca86-403b-9380-3392f77a413b',200,63500,4,'',0,8300,4,'',0,3500,4,'',0,7000,4,'',0,3200,4,'',0,6300,4,'',0,2300,4,'',0,6300,4,'',0,2300,4,'',0,2300,4,'',0,6300,4,'',0,2300,4,'',0,2300,4,'',0,6300,4,'',0,2300,4,'',0,6300,4,'',0,2300,4,'',0,2700,4,'',0,6500,4,'',0,2500,4,'',0,6500,4,'',0,2500,4,'',0,6500,4,'',0,2500,4,'',0,2500,4,'',0,6500,4,'',0,2500,4,'',0,6500,4,'',0,2500,4,'',0,2500,4,'',0,6500,4,'',0,2200,4,'',0,6300,4,'',0,2300,4,'',0,1700,4,'',0,6500,4,'',0,3000,4,'',0,7000,4,'',0,3000,4,'',0,7000,4,'',0,3000,4,'',0,6000,4,'',0
'4d2dd454-ca86-403b-9380-3392f77a413b',201,60500,,'',0,3000,,'',0,7000,,'',0,2500,,'',0,2300,,'',0,6300,,'',0,2300,,'',0,6300,,'',0,2300,,'',0,2300,,'',0,6300,,'',0,2300,,'',0,2300,,'',0,6300,,'',0,2300,,'',0,6300,,'',0,2400,,'',0,2500,,'',0,6500,,'',0,2500,,'',0,6500,,'',0,2500,,'',0,6500,,'',0,2500,,'',0,2500,,'',0,6500,,'',0,2500,,'',0,6500,,'',0,2500,,'',0,2500,,'',0,6300,,'',0,2300,,'',0,6300,,'',0,2500,,'',0,2500,,'',0,7000,,'',0,3000,,'',0,7000,,'',0,3000,,'',0,7000,,'',0,2100,,'',0,7500,,'',0
'65ee709a-56c5-48e0-84ad-2409411ab1a6',200,82300,4,'',0,9600,4,'',0,3000,4,'',0,7000,4,'',0,3000,4,'',0,7000,4,'',0,3000,4,'',0,7000,4,'',0,3000,4,'',0,7000,4,'',0,3000,4,'',0,7000,4,'',0,3000,4,'',0,7000,4,'',0,3000,4,'',0,7000,4,'',0,3000,4,'',0,7000,4,'',0,3000,4,'',0,7000,4,'',0,3000,4,'',0
'65ee709a-56c5-48e0-84ad-2409411ab1a6',201,75300,,'',0,7000,,'',0,3000,,'',0,7000,,'',0,3000,,'',0,7000,,'',0,3000,,'',0,7000,,'',0,3000,,'',0,7000,,'',0,3000,,'',0,7000,,'',0,3000,,'',0,7000,,'',0,3000,,'',0,7000,,'',0,3000,,'',0,7000,,'',0,3000,,'',0,7000,,'',0,3000,,'',0,6700,,'',0
'7b4f2603-43f7-47c4-a545-7acf5f8db6cc',200,72300,4,'',0,9600,4,'',0,3000,4,'',0,7000,4,'',0,3000,4,'',0,7000,4,'',0,3000,4,'',0,7000,4,'',0,3000,4,'',0,7000,4,'',0,3000,4,'',0,7000,4,'',0,3000,4,'',0,7000,4,'',0,3000,4,'',0,7000,4,'',0,3000,4,'',0,7000,4,'',0,3000,4,'',0,7000,4,'',0,3000,4,'',0,7000,4,'',0,3000,4,'',0,7000,4,'',0,3000,4,'',0,7000,4,'',0,3000,4,'',0,7000,4,'',0,3000,4,'',0,7000,4,'',0,3000,4,'',0,7000,4,'',0,3000,4,'',0
'7b4f2603-43f7-47c4-a545-7acf5f8db6cc',201,65300,,'',0,7000,,'',0,3000,,'',0,7000,,'',0,3000,,'',0,7000,,'',0,3000,,'',0,7000,,'',0,3000,,'',0,7000,,'',0,3000,,'',0,7000,,'',0,3000,,'',0,7000,,'',0,3000,,'',0,7000,,'',0,3000,,'',0,7000,,'',0,3000,,'',0,7000,,'',0,3000,,'',0,7000,,'',0,3000,,'',0,7000,,'',0,3000,,'',0,7000,,'',0,3000,,'',0,7000,,'',0,3000,,'',0,7000,,'',0,3000,,'',0,7000,,'',0,3000,,'',0,6700,,'',0
'81f3af80-9276-4295-823e-e4ac90ebd03d',200,82300,4,'',0,9600,4,'',0,3000,4,'',0,7000,4,'',0,3000,4,'',0,7000,4,'',0,3000,4,'',0,7000,4,'',0,3000,4,'',0,7000,4,'',0,3000,4,'',0,7000,4,'',0,3000,4,'',0,7000,4,'',0,3000,4,'',0,7000,4,'',0,3000,4,'',0,7000,4,'',0,3000,4,'',0,7000,4,'',0,3000,4,'',0
'81f3af80-9276-4295-823e-e4ac90ebd03d',201,75300,,'',0,7000,,'',0,3000,,'',0,7000,,'',0,3000,,'',0,7000,,'',0,3000,,'',0,7000,,'',0,3000,,'',0,7000,,'',0,3000,,'',0,7000,,'',0,3000,,'',0,7000,,'',0,3000,,'',0,7000,,'',0,3000,,'',0,7000,,'',0,3000,,'',0,7000,,'',0,3000,,'',0,6700,,'',0
'4d2dd454-ca86-403b-9380-3392f77a413b',5200,62000,,'',0,2200,,'',0,7300,,'',0,3500,,'',0,5500,,'',0,2000,,'',0,1000,,'',0,6500,,'',0,3500,,'',0,7500,,'',0,4000,,'',0,7500,,'',0,7500,,'',0,3500,,'',0,7500,,'',0,3500,,'',0,7500,,'',0,3500,,'',0,7500,,'',0,7500,,'',0,4000,,'',0,7500,,'',0,3500,,'',0,7500,,'',0
'4d2dd454-ca86-403b-9380-3392f77a413b',5201,71500,4,'',0,3500,4,'',0,7500,4,'',0,7500,4,'',0,3500,4,'',0,7500,4,'',0,4000,4,'',0,7500,4,'',0,7500,4,'',0,3500,4,'',0,7500,4,'',0,3500,4,'',0,7500,4,'',0,3500,4,'',0,7500,4,'',0,7500,4,'',0,4000,4,'',0,7500,4,'',0,3500,4,'',0,7500,4,'',0
'7b4f2603-43f7-47c4-a545-7acf5f8db6cc',5200,71500,,'',0,3500,,'',0,7500,,'',0,7500,,'',0,3500,,'',0,7500,,'',0,4000,,'',0,7500,,'',0,7500,,'',0,3500,,'',0,7500,,'',0,3500,,'',0,7500,,'',0,3500,,'',0,7500,,'',0,7500,,'',0,4000,,'',0,7500,,'',0,3500,,'',0,7500,,'',0
'7b4f2603-43f7-47c4-a545-7acf5f8db6cc',5201,71500,4,'',0,3500,4,'',0,7500,4,'',0,7500,4,'',0,3500,4,'',0,7500,4,'',0,4000,4,'',0,7500,4,'',0,7500,4,'',0,3500,4,'',0,7500,4,'',0,3500,4,'',0,7500,4,'',0,3500,4,'',0,7500,4,'',0,7500,4,'',0,4000,4,'',0,7500,4,'',0,3500,4,'',0,7500,4,'',0,7000,4,'',0
