'0db61010-6889-4099-809d-c76f350cdfcb',100,73200,4,'',0,7000,4,'',0,3000,4,'',0,7000,4,'',0,3000,4,'',0,7000,4,'',0,3000,4,'',0,7000,4,'',0,3000,4,'',0,7000,4,'',0,3000,4,'',0,7000,4,'',0,3000,4,'',0,7000,4,'',0,3000,4,'',0,7000,4,'',0,3000,4,'',0,7000,4,'',0,3000,4,'',0,7000,4,'',0,3000,4,'',0,7000,4,'',0,3000,4,'',0,7000,4,'',0,3000,4,'',0,7000,4,'',0,3000,4,'',0,7000,4,'',0,3000,4,'',0,7000,4,'',0,3000,4,'',0,7000,4,'',0,2500,4,'',0,2300,4,'',0
'0db61010-6889-4099-809d-c76f350cdfcb',101,70700,,'',0,3000,,'',0,7000,,'',0,3000,,'',0,7000,,'',0,3000,,'',0,7000,,'',0,3000,,'',0,7000,,'',0,3000,,'',0,7000,,'',0,3000,,'',0,7000,,'',0,3000,,'',0,7000,,'',0,3000,,'',0,7000,,'',0,3000,,'',0,7000,,'',0,3000,,'',0,7000,,'',0,3000,,'',0,7000,,'',0,3000,,'',0,7000,,'',0,3000,,'',0,7000,,'',0,3000,,'',0,7000,,'',0,3000,,'',0,7000,,'',0,3000,,'',0,7000,,'',0
'5d1e0a1b-693e-48d0-8bee-91712b0a73a7',100,62200,4,'',0,3700,4,'',0,7100,4,'',0,2500,4,'',0,6700,4,'',0,2300,4,'',0,6300,4,'',0,2300,4,'',0,2300,4,'',0,6300,4,'',0,2300,4,'',0,6300,4,'',0,2300,4,'',0,2300,4,'',0,6300,4,'',0,2300,4,'',0,2300,4,'',0,6300,4,'',0,2400,4,'',0,6600,4,'',0,2500,4,'',0,6500,4,'',0,2500,4,'',0,2500,4,'',0,6500,4,'',0,2500,4,'',0,6500,4,'',0,2500,4,'',0,2500,4,'',0,6500,4,'',0,2500,4,'',0,6200,4,'',0,2300,4,'',0,2300,4,'',0,5900,4,'',0,2500,4,'',0,6500,4,'',0,2500,4,'',0,3000,4,'',0,7000,4,'',0,3000,4,'',0,7000,4,'',0,3000,4,'',0
'5d1e0a1b-693e-48d0-8bee-91712b0a73a7',101,55000,,'',0,7200,,'',0,8200,,'',0,3100,,'',0,2200,,'',0,7100,,'',0,2300,,'',0,6300,,'',0,2300,,'',0,6300,,'',0,2300,,'',0,2300,,'',0,6300,,'',0,2300,,'',0,2300,,'',0,6300,,'',0,2300,,'',0,6300,,'',0,2300,,'',0,2400,,'',0,6800,,'',0,2500,,'',0,6500,,'',0,2500,,'',0,2500,,'',0,6500,,'',0,2500,,'',0,6500,,'',0,2500,,'',0,6500,,'',0,2500,,'',0,2500,,'',0,6200,,'',0,2100,,'',0,6300,,'',0,1900,,'',0,2500,,'',0,6500,,'',0,2500,,'',0,7000,,'',0,3000,,'',0,7000,,'',0,2600,,'',0
'7d79b124-b075-4b80-81d9-a43046b2e3d8',100,83200,4,'',0,7000,4,'',0,3000,4,'',0,7000,4,'',0,3000,4,'',0,7000,4,'',0,3000,4,'',0,7000,4,'',0,3000,4,'',0,7000,4,'',0,3000,4,'',0,7000,4,'',0,3000,4,'',0,7000,4,'',0,3000,4,'',0,7000,4,'',0,3000,4,'',0,7000,4,'',0,3000,4,'',0,7000,4,'',0,2500,4,'',0,2300,4,'',0
'7d79b124-b075-4b80-81d9-a43046b2e3d8',101,80700,,'',0,3000,,'',0,7000,,'',0,3000,,'',0,7000,,'',0,3000,,'',0,7000,,'',0,3000,,'',0,7000,,'',0,3000,,'',0,7000,,'',0,3000,,'',0,7000,,'',0,3000,,'',0,7000,,'',0,3000,,'',0,7000,,'',0,3000,,'',0,7000,,'',0,3000,,'',0,7000,,'',0
'fc9153d4-c010-4b71-b9d9-cddd8682dbc1',100,83200,4,'',0,7000,4,'',0,3000,4,'',0,7000,4,'',0,3000,4,'',0,7000,4,'',0,3000,4,'',0,7000,4,'',0,3000,4,'',0,7000,4,'',0,3000,4,'',0,7000,4,'',0,3000,4,'',0,7000,4,'',0,3000,4,'',0,7000,4,'',0,3000,4,'',0,7000,4,'',0,3000,4,'',0,7000,4,'',0,2500,4,'',0,2300,4,'',0
'fc9153d4-c010-4b71-b9d9-cddd8682dbc1',101,80700,,'',0,3000,,'',0,7000,,'',0,3000,,'',0,7000,,'',0,3000,,'',0,7000,,'',0,3000,,'',0,7000,,'',0,3000,,'',0,7000,,'',0,3000,,'',0,7000,,'',0,3000,,'',0,7000,,'',0,3000,,'',0,7000,,'',0,3000,,'',0,7000,,'',0,3000,,'',0,7000,,'',0,2500,,'',0
'0db61010-6889-4099-809d-c76f350cdfcb',5100,73400,4,'',0,7500,4,'',0,3500,4,'',0,7500,4,'',0,3500,4,'',0,8000,4,'',0,7500,4,'',0,3500,4,'',0,7500,4,'',0,3500,4,'',0,7500,4,'',0,7500,4,'',0,3500,4,'',0,7500,4,'',0,3500,4,'',0,8000,4,'',0,7500,4,'',0,3500,4,'',0,7500,4,'',0,3000,4,'',0
'0db61010-6889-4099-809d-c76f350cdfcb',5101,65900,,'',0,7500,,'',0,7500,,'',0,3500,,'',0,7500,,'',0,3500,,'',0,8000,,'',0,7500,,'',0,3500,,'',0,7500,,'',0,3500,,'',0,7500,,'',0,7500,,'',0,3500,,'',0,7500,,'',0,3500,,'',0,8000,,'',0,7500,,'',0,3500,,'',0,7500,,'',0,3100,,'',0
'5d1e0a1b-693e-48d0-8bee-91712b0a73a7',5100,62900,4,'',0,3000,4,'',0,7500,4,'',0,7500,4,'',0,3500,4,'',0,7500,4,'',0,3500,4,'',0,8000,4,'',0,7500,4,'',0,3500,4,'',0,7500,4,'',0,3500,4,'',0,7500,4,'',0,7500,4,'',0,3500,4,'',0,7500,4,'',0,3500,4,'',0,8000,4,'',0,7500,4,'',0,3500,4,'',0,7500,4,'',0,3000,4,'',0
'5d1e0a1b-693e-48d0-8bee-91712b0a73a7',5101,60000,,'',0,2900,,'',0,3000,,'',0,7500,,'',0,7500,,'',0,3500,,'',0,7500,,'',0,3500,,'',0,8000,,'',0,7500,,'',0,3500,,'',0,7500,,'',0,3500,,'',0,7500,,'',0,7500,,'',0,3500,,'',0,7500,,'',0,3500,,'',0,8000,,'',0,7500,,'',0,3500,,'',0,7500,,'',0,3100,,'',0
