1200,14014,1,0
1200,14022,2,0
1200,13061,3,0
1200,13001,4,1
1201,13005,1,0
1201,13006,2,0
1201,13007,3,0
1201,14020,4,0
1201,14013,5,0
1201,14014,6,1
2300,14016,1,0
2300,14017,2,0
2300,14018,3,0
2300,12181,4,0
2300,12183,5,0
2300,12184,6,0
2300,12185,7,0
2300,12186,8,0
2300,12104,9,0
2300,12217,10,0
2300,12131,11,0
2300,12128,12,0
2300,12126,13,0
2300,12127,14,0
2300,12300,15,0
2300,12301,16,0
2300,12302,17,0
2300,12119,18,0
2300,12120,19,0
2300,12199,20,0
2300,12200,21,0
2300,12201,22,0
2300,12202,23,0
2300,12203,24,0
2300,12204,25,0
2300,12205,26,0
2300,12206,27,0
2300,11280,28,0
2300,11251,29,0
2300,11156,30,0
2300,11154,31,0
2300,11168,32,0
2300,11150,33,0
2300,11068,34,0
2300,11148,35,0
2300,11275,36,0
2300,11035,37,0
2300,11052,38,0
2300,11112,39,0
2300,11114,40,0
2300,11116,41,0
2300,11118,42,0
2300,11097,43,0
2300,11050,44,0
2300,14013,45,1
2400,14021,1,0
2400,14012,2,0
2400,14002,3,0
2400,14033,4,0
2400,11253,5,0
2400,11097,6,0
2400,11121,7,0
2400,11119,8,0
2400,11115,9,0
2400,11113,10,0
2400,11111,11,0
2400,11052,12,0
2400,11037,13,0
2400,11031,14,0
2400,11276,15,0
2400,11147,16,0
2400,11067,17,0
2400,11149,18,0
2400,11151,19,0
2400,11153,20,0
2400,11155,21,0
2400,11278,22,0
2400,11157,23,0
2400,11158,24,0
2400,12028,25,0
2400,12029,26,0
2400,12207,27,0
2400,12208,28,0
2400,12209,29,0
2400,12210,30,0
2400,12211,31,0
2400,12212,32,0
2400,12213,33,0
2400,12214,34,0
2400,12126,35,0
2400,12127,36,0
2400,12300,37,0
2400,12301,38,0
2400,12302,39,0
2400,12119,40,0
2400,12120,41,0
2400,12129,42,0
2400,12130,43,0
2400,12217,44,0
2400,12105,45,0
2400,12103,46,0
2400,12182,47,0
2400,12180,48,0
2400,14019,49,1
3101,11262,1,0
3101,11263,2,0
3101,11264,3,0
3101,11020,4,0
3101,11021,5,0
3101,11022,6,0
3101,11023,7,0
3101,11024,8,0
3101,11025,9,0
3101,11273,10,0
3101,11026,11,0
3101,11035,12,0
3101,11052,13,1
3102,11052,1,0
3102,11277,2,0
3102,11007,3,0
3102,11008,4,0
3102,11009,5,0
3102,11010,6,0
3102,11033,7,0
3102,11001,8,0
3102,11002,9,0
3102,11003,10,0
3102,11032,11,0
3102,11004,12,0
3102,11005,13,0
3102,11006,14,0
3102,11011,15,0
3102,11012,16,0
3102,11013,17,0
3102,11254,18,0
3102,11255,19,0
3102,11256,20,0
3102,11257,21,0
3102,11258,22,0
3102,11259,23,0
3102,11016,24,0
3102,11017,25,0
3102,11018,26,0
3102,11260,27,0
3102,11261,28,0
3102,11262,29,1
3201,13034,1,0
3201,13035,2,0
3201,13036,3,0
3201,13037,4,0
3201,13038,5,0
3201,13039,6,0
3201,13040,7,0
3201,13041,8,0
3201,13063,9,0
3201,13064,10,0
3201,13065,11,0
3201,13066,12,0
3201,13067,13,0
3201,13068,14,0
3201,13069,15,0
3201,13070,16,0
3201,13083,17,0
3201,13085,18,0
3201,13086,19,0
3201,13087,20,0
3201,13088,21,0
3201,13005,22,1
3202,13001,1,0
3202,13006,2,0
3202,13007,3,0
3202,13451,4,0
3202,13090,5,0
3202,13029,6,0
3202,13089,7,0
3202,13031,8,0
3202,13032,9,0
3202,13033,10,0
3202,13034,11,1
3303,13002,1,0
3303,13006,2,0
3303,13007,3,0
3303,13008,4,0
3303,13009,5,0
3303,13011,6,0
3303,13012,7,0
3303,13013,8,0
3303,13014,9,0
3303,13015,10,0
3303,13016,11,0
3303,13017,12,0
3303,13018,13,0
3303,13019,14,0
3303,13020,15,1
3304,13020,1,0
3304,13021,2,0
3304,13400,3,0
3304,13401,4,0
3304,13402,5,0
3304,13403,6,0
3304,13404,7,0
3304,13022,8,0
3304,13023,9,0
3304,13024,10,0
3304,13059,11,0
3304,13060,12,0
3304,13010,13,0
3304,13452,14,0
3304,13530,15,0
3304,13061,16,0
3304,13002,17,1
3501,13313,1,0
3501,13309,2,0
3501,13308,3,0
3501,13307,4,0
3501,13306,5,0
3501,13042,6,0
3501,13041,7,0
3501,13301,8,0
3501,13310,9,0
3501,13302,10,0
3501,13303,11,0
3501,13304,12,0
3501,13305,13,0
3501,13043,14,0
3501,13044,15,0
3501,13045,16,0
3501,13061,17,0
3501,13004,18,1
3502,13004,1,0
3502,13046,2,0
3502,13047,3,0
3502,13048,4,0
3502,13049,5,0
3502,13300,6,0
3502,13312,7,0
3502,13528,8,0
3502,13311,9,0
3502,13529,10,0
3502,13306,11,0
3502,13307,12,0
3502,13308,13,0
3502,13309,14,0
3502,13310,15,0
3502,13301,16,0
3502,13313,17,0
3502,13041,18,0
3502,13042,19,1
3603,13507,1,0
3603,13508,2,0
3603,13509,3,0
3603,13510,4,0
3603,13511,5,0
3603,13518,6,0
3603,13512,7,0
3603,13513,8,0
3603,13514,9,0
3603,13515,10,0
3603,13516,11,0
3603,13517,12,0
3603,13502,13,0
3603,13503,14,0
3603,13076,15,0
3603,13077,16,0
3603,13078,17,0
3603,13079,18,0
3603,13080,19,0
3603,13081,20,0
3603,13082,21,0
3603,13071,22,0
3603,13072,23,0
3603,13532,24,0
3603,13004,25,1
3604,13004,1,0
3604,13502,2,0
3604,13006,3,0
3604,13500,4,0
3604,13501,5,0
3604,13503,6,0
3604,13504,7,0
3604,13505,8,0
3604,13506,9,0
3604,13507,10,1
3703,13524,1,0
3703,13525,2,0
3703,13526,3,0
3703,13527,4,0
3703,13450,5,0
3703,13530,6,0
3703,13061,7,0
3703,13006,8,0
3703,13004,9,1
3704,13004,1,0
3704,13006,2,0
3704,13007,3,0
3704,13008,4,0
3704,13009,5,0
3704,13520,6,0
3704,13521,7,0
3704,13522,8,0
3704,13523,9,0
3704,13524,10,1
14002000,11052,1,0
14002000,11059,2,0
14002000,11060,3,0
14002000,11061,4,0
14002000,11064,5,0
14002000,11066,6,0
14002000,11067,7,0
14002000,11069,8,0
14002000,11071,9,0
14002000,11223,10,0
14002000,11074,11,0
14002000,11075,12,0
14002000,11077,13,0
14002000,11079,14,0
14002000,11082,15,0
14002000,11084,16,0
14002000,11085,17,0
14002000,11088,18,0
14002000,11090,19,0
14002000,11092,20,0
14002000,11253,21,0
14002000,11096,22,0
14002000,11099,23,0
14002000,11102,24,0
14002000,11104,25,0
14002000,11106,26,0
14002000,11107,27,0
14002000,11109,28,0
14002000,14003,29,0
14002000,14005,30,0
14002000,14007,31,0
14002000,14013,32,0
14002000,14015,33,1
14002001,14011,1,0
14002001,14012,2,0
14002001,14008,3,0
14002001,14006,4,0
14002001,14004,5,0
14002001,11110,6,0
14002001,11108,7,0
14002001,11105,8,0
14002001,11103,9,0
14002001,11225,10,0
14002001,11101,11,0
14002001,11100,12,0
14002001,11098,13,0
14002001,11097,14,0
14002001,11093,15,0
14002001,11091,16,0
14002001,11089,17,0
14002001,11087,18,0
14002001,11086,19,0
14002001,11224,20,0
14002001,11083,21,0
14002001,11081,22,0
14002001,11080,23,0
14002001,11078,24,0
14002001,11076,25,0
14002001,11073,26,0
14002001,11072,27,0
14002001,11070,28,0
14002001,11068,29,0
14002001,11066,30,0
14002001,11065,31,0
14002001,11063,32,0
14002001,11062,33,0
14002001,11272,34,0
14002001,11127,35,0
14002001,11126,36,0
14002001,11277,37,0
14002001,11001,38,0
14002001,11002,39,0
14002001,11003,40,0
14002001,11032,41,0
14002001,11004,42,0
14002001,11006,43,0
14002001,11053,44,1
14002103,14014,1,0
14002103,14031,2,0
14002103,12250,3,0
14002103,12251,4,0
14002103,12252,5,0
14002103,12342,6,0
14002103,11143,7,0
14002103,11140,8,0
14002103,11279,9,0
14002103,11196,10,0
14002103,11197,11,0
14002103,11203,12,0
14002103,11204,13,0
14002103,11205,14,0
14002103,11206,15,0
14002103,11207,16,0
14002103,11208,17,1
14002104,11208,1,0
14002104,11223,2,0
14002104,11202,3,0
14002104,11133,4,0
14002104,11134,5,0
14002104,11137,6,0
14002104,11227,7,0
14002104,11141,8,0
14002104,11142,9,0
14002104,11144,10,0
14002104,12042,11,0
14002104,12043,12,0
14002104,12044,13,0
14002104,12039,14,0
14002104,14025,15,0
14002104,14016,16,1
14002200,14015,1,0
14002200,12219,2,0
14002200,12218,3,0
14002200,11192,4,0
14002200,11230,5,0
14002200,11229,6,0
14002200,11144,7,0
14002200,11188,8,0
14002200,11187,9,0
14002200,11185,10,0
14002200,11184,11,0
14002200,11250,12,0
14002200,11181,13,0
14002200,11180,14,0
14002200,11178,15,0
14002200,11036,16,0
14002200,11173,17,0
14002200,11171,18,0
14002200,11170,19,0
14002200,11168,20,0
14002200,11150,21,0
14002200,11166,22,0
14002200,11163,23,0
14002200,11039,24,0
14002200,11161,25,0
14002200,11160,26,0
14002200,11212,27,0
14002200,11211,28,0
14002200,11210,29,0
14002200,11275,30,0
14002200,11035,31,0
14002200,11274,32,0
14002200,11022,33,0
14002200,11023,34,0
14002200,11024,35,0
14002200,11025,36,0
14002200,11273,37,0
14002200,11028,38,0
14002200,11029,39,0
14002200,11011,40,0
14002200,11034,41,0
14002200,11053,42,1
14002201,11053,1,0
14002201,11037,2,0
14002201,11031,3,0
14002201,11276,4,0
14002201,11209,5,0
14002201,11159,6,0
14002201,11252,7,0
14002201,11162,8,0
14002201,11164,9,0
14002201,11165,10,0
14002201,11149,11,0
14002201,11151,12,0
14002201,11167,13,0
14002201,11169,14,0
14002201,11172,15,0
14002201,11174,16,0
14002201,11176,17,0
14002201,11177,18,0
14002201,11179,19,0
14002201,11218,20,0
14002201,11182,21,0
14002201,11183,22,0
14002201,11219,23,0
14002201,11186,24,0
14002201,11189,25,0
14002201,11143,26,0
14002201,11190,27,0
14002201,11191,28,0
14002201,11193,29,0
14002201,14009,30,0
14002201,14010,31,0
14002201,14015,32,1
19002000,14015,1,0
19002000,14024,2,0
19002000,12334,3,0
19002000,12335,4,0
19002000,12336,5,0
19002000,12196,6,0
19002000,12049,7,0
19002000,12051,8,0
19002000,12055,9,0
19002000,12058,10,0
19002000,12060,11,0
19002000,12208,12,0
19002000,12209,13,0
19002000,12210,14,0
19002000,12999,15,0
19002000,12338,16,0
19002000,12068,17,0
19002000,12070,18,0
19002000,12071,19,0
19002000,12073,20,0
19002000,12076,21,0
19002000,12077,22,0
19002000,12078,23,0
19002000,12079,24,0
19002000,12081,25,0
19002000,12083,26,0
19002000,12085,27,0
19002000,12087,28,0
19002000,12089,29,0
19002000,12092,30,0
19002000,12093,31,0
19002000,12099,32,0
19002000,12214,33,0
19002000,12100,34,0
19002000,12340,35,0
19002000,12217,36,1
19002001,12217,1,0
19002001,12105,2,0
19002001,12339,3,0
19002001,12200,4,0
19002001,12094,5,0
19002001,12095,6,0
19002001,12096,7,0
19002001,12097,8,0
19002001,12098,9,0
19002001,12088,10,0
19002001,12086,11,0
19002001,12084,12,0
19002001,12082,13,0
19002001,12080,14,0
19002001,12078,15,0
19002001,12075,16,0
19002001,12072,17,0
19002001,12069,18,0
19002001,12065,19,0
19002001,12066,20,0
19002001,12067,21,0
19002001,12202,22,0
19002001,12203,23,0
19002001,12061,24,0
19002001,12059,25,0
19002001,12056,26,0
19002001,12053,27,0
19002001,12052,28,0
19002001,12050,29,0
19002001,12189,30,0
19002001,12190,31,0
19002001,12191,32,0
19002001,12192,33,0
19002001,12021,34,0
19002001,12039,35,0
19002001,14011,36,1
19002101,14016,1,0
19002101,14034,2,0
19002101,12038,3,0
19002101,12040,4,0
19002101,12022,5,0
19002101,12023,6,0
19002101,12025,7,0
19002101,12026,8,0
19002101,12027,9,0
19002101,12028,10,0
19002101,12029,11,0
19002101,12020,12,0
19002101,12019,13,0
19002101,12018,14,0
19002101,12017,15,0
19002101,12016,16,0
19002101,12015,17,0
19002101,12014,18,0
19002101,12013,19,0
19002101,12012,20,0
19002101,12011,21,0
19002101,12010,22,0
19002101,12330,23,0
19002101,12331,24,0
19002101,12303,25,0
19002101,12332,26,0
19002101,12002,27,0
19002101,12333,28,0
19002101,11265,29,0
19002101,11266,30,0
19002101,11267,31,0
19002101,11271,32,1
19002102,11271,1,0
19002102,11268,2,0
19002102,11269,3,0
19002102,11270,4,0
19002102,11215,5,0
19002102,11235,6,0
19002102,11236,7,0
19002102,11216,8,0
19002102,11217,9,0
19002102,11048,10,0
19002102,11054,11,0
19002102,12010,12,0
19002102,12009,13,0
19002102,12008,14,0
19002102,12007,15,0
19002102,12006,16,0
19002102,12029,17,0
19002102,12031,18,0
19002102,12032,19,0
19002102,12034,20,0
19002102,12035,21,0
19002102,12036,22,0
19002102,12037,23,0
19002102,14026,24,0
19002102,14022,25,0
19002102,14014,26,1
19002200,14011,1,0
19002200,12176,2,0
19002200,12174,3,0
19002200,12047,4,0
19002200,12048,5,0
19002200,12168,6,0
19002200,12166,7,0
19002200,12165,8,0
19002200,12162,9,0
19002200,12163,10,0
19002200,12144,11,0
19002200,12145,12,0
19002200,12146,13,0
19002200,12211,14,0
19002200,12212,15,0
19002200,12147,16,0
19002200,12148,17,0
19002200,12149,18,0
19002200,12140,19,0
19002200,12139,20,0
19002200,12137,21,0
19002200,12186,22,0
19002200,12101,23,0
19002200,12121,24,0
19002200,12122,25,0
19002200,12113,26,0
19002200,12114,27,0
19002200,12115,28,0
19002200,12116,29,0
19002200,12329,30,0
19002200,12123,31,0
19002200,12124,32,0
19002200,12125,33,0
19002200,12126,34,0
19002200,12127,35,0
19002200,12300,36,0
19002200,12343,37,0
19002200,12326,38,0
19002200,12344,39,0
19002200,12327,40,0
19002200,12328,41,0
19002200,12119,42,0
19002200,12120,43,0
19002200,12129,44,0
19002200,12130,45,0
19002200,12217,46,1
19002201,12217,1,0
19002201,12132,2,0
19002201,12133,3,0
19002201,12134,4,0
19002201,12135,5,0
19002201,12136,6,0
19002201,12138,7,0
19002201,12141,8,0
19002201,12142,9,0
19002201,12150,10,0
19002201,12151,11,0
19002201,12152,12,0
19002201,12153,13,0
19002201,12154,14,0
19002201,12158,15,0
19002201,12159,16,0
19002201,12160,17,0
19002201,12161,18,0
19002201,12164,19,0
19002201,12167,20,0
19002201,12169,21,0
19002201,12170,22,0
19002201,12172,23,0
19002201,14032,24,0
19002201,12177,25,0
19002201,12178,26,0
19002201,14020,27,0
19002201,14013,28,0
19002201,14015,29,1
