200,'8121286b-fd49-4716-b922-42f8d7dc989c',825,,3497,199,,,0,33,,3511,199,,,0,73,,3493,199,,,0,73,,3503,199,,,0,33,,3495,199,,,0,73,,3504,199,,,0,33,,3501,199,,,0,73,,3505,199,,,0,33,,3509,199,,,0,73,,3500,199,,,0,33,,3508,199,,,0,73,,3502,199,,,0,73,,3507,199,,,0,33,,3492,199,,,0,73,,3496,199,,,0,33,,3498,199,,,0,73,,3510,199,,,0,33,,3506,199,,,0,73,,3513,199,,,0,33,,3494,199,,,0
200,'b3648ede-5954-434f-9b9d-d5f08e1e70ad',825,,3514,199,,,0,33,,3530,199,,,0,73,,3523,199,,,0,73,,3520,199,,,0,33,,3525,199,,,0,73,,3528,199,,,0,33,,3532,199,,,0,73,,3531,199,,,0,33,,3535,199,,,0,73,,3534,199,,,0,33,,3517,199,,,0,73,,3519,199,,,0,73,,3524,199,,,0,33,,3518,199,,,0,73,,3529,199,,,0,33,,3533,199,,,0,73,,3516,199,,,0,33,,3515,199,,,0,73,,3526,199,,,0,33,,3527,199,,,0
200,'c48e9871-c7da-4ae0-bf7c-b3496ea4ba29',719,,3546,199,,,0,33,,3565,199,,,0,73,,3551,199,,,0,33,,3562,199,,,0,73,,3538,199,,,0,73,,3547,199,,,0,33,,3555,199,,,0,73,,3545,199,,,0,33,,3544,199,,,0,73,,3542,199,,,0,33,,3536,199,,,0,73,,3540,199,,,0,33,,3568,199,,,0,73,,3553,199,,,0,73,,3564,199,,,0,33,,3537,199,,,0,73,,3554,199,,,0,33,,3561,199,,,0,73,,3557,199,,,0,33,,3560,199,,,0,73,,3552,199,,,0,33,,3548,199,,,0,73,,3559,199,,,0,33,,3550,199,,,0,73,,3563,199,,,0,73,,3566,199,,,0,33,,3558,199,,,0,73,,3543,199,,,0,33,,3567,199,,,0,73,,3549,199,,,0,30,,3541,199,,,0
200,'d7cebbf2-c439-48e5-af23-2183cbefe818',620,,3588,199,,,0,26,,3580,199,,,0,73,,3599,199,,,0,33,,3596,199,,,0,73,,3571,199,,,0,33,,3603,199,,,0,73,,3572,199,,,0,73,,3604,199,,,0,33,,3570,199,,,0,73,,3581,199,,,0,33,,3602,199,,,0,73,,3589,199,,,0,33,,3578,199,,,0,73,,3575,199,,,0,33,,3584,199,,,0,73,,3600,199,,,0,73,,3587,199,,,0,33,,3573,199,,,0,73,,3594,199,,,0,33,,3595,199,,,0,73,,3582,199,,,0,33,,3593,199,,,0,73,,3574,199,,,0,33,,3598,199,,,0,73,,3601,199,,,0,33,,3592,199,,,0,73,,3597,199,,,0,73,,3590,199,,,0,33,,3591,199,,,0,73,,3585,199,,,0,33,,3576,199,,,0,73,,3583,199,,,0,30,,3577,199,,,0
300,'8121286b-fd49-4716-b922-42f8d7dc989c',809,,3716,78,,,0,33,,3734,78,,,0,73,,3720,78,,,0,33,,3715,78,,,0,73,,3719,78,,,0,33,,3714,78,,,0,73,,3717,78,,,0,73,,3718,78,,,0,33,,3722,78,,,0,73,,3721,78,,,0,33,,3726,78,,,0,73,,3727,78,,,0,33,,3725,78,,,0,73,,3728,78,,,0,33,,3723,78,,,0,73,,3724,78,,,0,33,,3732,78,,,0,73,,3731,78,,,0,73,,3730,78,,,0,33,,3733,78,,,0,68,,3729,78,,,0
300,'b3648ede-5954-434f-9b9d-d5f08e1e70ad',809,,3741,78,,,0,33,,3737,78,,,0,73,,3750,78,,,0,33,,3755,78,,,0,73,,3748,78,,,0,33,,3745,78,,,0,73,,3754,78,,,0,73,,3740,78,,,0,33,,3749,78,,,0,73,,3752,78,,,0,33,,3753,78,,,0,73,,3742,78,,,0,33,,3739,78,,,0,73,,3735,78,,,0,33,,3747,78,,,0,73,,3746,78,,,0,33,,3743,78,,,0,73,,3744,78,,,0,73,,3751,78,,,0,33,,3736,78,,,0,68,,3738,78,,,0
300,'c48e9871-c7da-4ae0-bf7c-b3496ea4ba29',736,,3770,78,,,0,73,,3776,78,,,0,33,,3782,78,,,0,73,,3759,78,,,0,33,,3786,78,,,0,73,,3777,78,,,0,33,,3783,78,,,0,73,,3757,78,,,0,73,,3756,78,,,0,33,,3779,78,,,0,73,,3773,78,,,0,33,,3780,78,,,0,73,,3778,78,,,0,33,,3764,78,,,0,73,,3775,78,,,0,33,,3768,78,,,0,73,,3766,78,,,0,33,,3784,78,,,0,73,,3760,78,,,0,73,,3771,78,,,0,33,,3762,78,,,0,73,,3765,78,,,0,33,,3767,78,,,0,73,,3785,78,,,0,33,,3774,78,,,0,73,,3763,78,,,0,33,,3769,78,,,0,73,,3761,78,,,0,73,,3758,78,,,0,24,,3772,78,,,0,30,,3781,78,,,0
300,'d7cebbf2-c439-48e5-af23-2183cbefe818',630,,3794,78,,,0,74,,3814,78,,,0,32,,3817,78,,,0,73,,3803,78,,,0,33,,3819,78,,,0,73,,3806,78,,,0,33,,3816,78,,,0,73,,3807,78,,,0,33,,3818,78,,,0,73,,3811,78,,,0,73,,3802,78,,,0,33,,3792,78,,,0,73,,3787,78,,,0,33,,3796,78,,,0,73,,3812,78,,,0,33,,3799,78,,,0,73,,3813,78,,,0,33,,3800,78,,,0,73,,3809,78,,,0,33,,3797,78,,,0,73,,3798,78,,,0,73,,3791,78,,,0,33,,3793,78,,,0,73,,3789,78,,,0,33,,3804,78,,,0,73,,3801,78,,,0,33,,3815,78,,,0,73,,3808,78,,,0,33,,3810,78,,,0,73,,3795,78,,,0,73,,3790,78,,,0,24,,3805,78,,,0,30,,3788,78,,,0
400,'8121286b-fd49-4716-b922-42f8d7dc989c',844,,3940,148,,,0,71,,3931,148,,,0,33,,3933,148,,,0,73,,3930,148,,,0,33,,3941,148,,,0,73,,3936,148,,,0,73,,3937,148,,,0,33,,3927,148,,,0,73,,3934,148,,,0,33,,3943,148,,,0,73,,3944,148,,,0,33,,3942,148,,,0,73,,3928,148,,,0,33,,3938,148,,,0,73,,3935,148,,,0,33,,3939,148,,,0,73,,3929,148,,,0,73,,3945,148,,,0,33,,3926,148,,,0,73,,3932,147,,,0
400,'b3648ede-5954-434f-9b9d-d5f08e1e70ad',844,,3950,148,,,0,71,,3951,148,,,0,33,,3961,148,,,0,73,,3947,148,,,0,33,,3953,148,,,0,73,,3956,148,,,0,73,,3946,148,,,0,33,,3955,148,,,0,73,,3963,148,,,0,33,,3958,148,,,0,73,,3960,148,,,0,33,,3965,148,,,0,73,,3964,148,,,0,33,,3962,148,,,0,73,,3952,148,,,0,33,,3949,148,,,0,73,,3959,148,,,0,73,,3957,148,,,0,33,,3948,148,,,0,73,,3954,147,,,0
400,'c48e9871-c7da-4ae0-bf7c-b3496ea4ba29',737,,3969,148,,,0,72,,3992,148,,,0,35,,3984,148,,,0,71,,3981,148,,,0,33,,3988,148,,,0,73,,3975,148,,,0,33,,3982,148,,,0,73,,3980,148,,,0,73,,3968,148,,,0,33,,3985,148,,,0,73,,3987,148,,,0,33,,3994,148,,,0,73,,3970,148,,,0,33,,3991,148,,,0,73,,3997,148,,,0,33,,3971,148,,,0,73,,3989,148,,,0,33,,3977,148,,,0,73,,3986,148,,,0,73,,3967,148,,,0,33,,3974,148,,,0,73,,3983,148,,,0,33,,3976,148,,,0,73,,3972,148,,,0,33,,3995,148,,,0,73,,3993,148,,,0,33,,3973,148,,,0,73,,3996,148,,,0,73,,3979,148,,,0,33,,3998,148,,,0,26,,3978,147,,,0
400,'d7cebbf2-c439-48e5-af23-2183cbefe818',639,,4013,148,,,0,65,,4027,148,,,0,33,,4022,148,,,0,72,,4008,148,,,0,34,,4003,148,,,0,72,,4030,148,,,0,33,,4025,148,,,0,73,,4001,148,,,0,33,,4016,148,,,0,73,,4015,148,,,0,73,,4000,148,,,0,33,,4017,148,,,0,73,,4010,148,,,0,33,,4032,148,,,0,73,,4007,148,,,0,33,,4005,148,,,0,73,,4009,148,,,0,33,,4023,148,,,0,73,,4011,148,,,0,33,,4020,148,,,0,73,,4012,148,,,0,73,,4002,148,,,0,33,,4014,148,,,0,73,,4029,148,,,0,33,,4026,148,,,0,73,,4004,148,,,0,33,,4031,148,,,0,73,,4018,148,,,0,33,,4021,148,,,0,73,,4019,148,,,0,73,,4024,148,,,0,33,,4006,148,,,0,26,,3999,147,,,0
