200,'8121286b-fd49-4716-b922-42f8d7dc989c',822,,3497,188,,,0,33,,3511,188,,,0,73,,3493,188,,,0,73,,3503,188,,,0,33,,3495,188,,,0,73,,3504,188,,,0,33,,3501,188,,,0,73,,3505,188,,,0,33,,3509,188,,,0,73,,3500,188,,,0,33,,3508,188,,,0,73,,3502,188,,,0,33,,3507,188,,,0,73,,3492,188,,,0,73,,3496,188,,,0,33,,3498,188,,,0,73,,3510,188,,,0,33,,3506,188,,,0,73,,3513,188,,,0,33,,3494,188,,,0
200,'b3648ede-5954-434f-9b9d-d5f08e1e70ad',822,,3514,188,,,0,33,,3530,188,,,0,73,,3523,188,,,0,73,,3520,188,,,0,33,,3525,188,,,0,73,,3528,188,,,0,33,,3532,188,,,0,73,,3531,188,,,0,33,,3535,188,,,0,73,,3534,188,,,0,33,,3517,188,,,0,73,,3519,188,,,0,33,,3524,188,,,0,73,,3518,188,,,0,73,,3529,188,,,0,33,,3533,188,,,0,73,,3516,188,,,0,33,,3515,188,,,0,73,,3526,188,,,0,33,,3527,188,,,0
200,'c48e9871-c7da-4ae0-bf7c-b3496ea4ba29',716,,3546,188,,,0,33,,3565,188,,,0,73,,3551,188,,,0,33,,3562,188,,,0,73,,3538,188,,,0,73,,3547,188,,,0,33,,3555,188,,,0,73,,3545,188,,,0,33,,3544,188,,,0,73,,3542,188,,,0,33,,3536,188,,,0,73,,3540,188,,,0,33,,3568,188,,,0,73,,3553,188,,,0,33,,3564,188,,,0,73,,3537,188,,,0,73,,3554,188,,,0,33,,3561,188,,,0,73,,3557,188,,,0,33,,3560,188,,,0,73,,3552,188,,,0,33,,3548,188,,,0,73,,3559,188,,,0,33,,3550,188,,,0,73,,3563,188,,,0,73,,3566,188,,,0,33,,3558,188,,,0,73,,3543,188,,,0,33,,3567,188,,,0,73,,3549,188,,,0,30,,3541,188,,,0
200,'d7cebbf2-c439-48e5-af23-2183cbefe818',617,,3588,188,,,0,26,,3580,188,,,0,73,,3599,188,,,0,33,,3596,188,,,0,73,,3571,188,,,0,33,,3603,188,,,0,73,,3572,188,,,0,73,,3604,188,,,0,33,,3570,188,,,0,73,,3581,188,,,0,33,,3602,188,,,0,73,,3589,188,,,0,33,,3578,188,,,0,73,,3575,188,,,0,33,,3584,188,,,0,73,,3600,188,,,0,33,,3587,188,,,0,73,,3573,188,,,0,73,,3594,188,,,0,33,,3595,188,,,0,73,,3582,188,,,0,33,,3593,188,,,0,73,,3574,188,,,0,33,,3598,188,,,0,73,,3601,188,,,0,33,,3592,188,,,0,73,,3597,188,,,0,73,,3590,188,,,0,33,,3591,188,,,0,73,,3585,188,,,0,33,,3576,188,,,0,73,,3583,188,,,0,30,,3577,188,,,0
300,'8121286b-fd49-4716-b922-42f8d7dc989c',806,,3716,66,,,0,33,,3734,66,,,0,73,,3720,66,,,0,33,,3715,66,,,0,73,,3719,66,,,0,33,,3714,66,,,0,73,,3717,66,,,0,33,,3718,66,,,0,73,,3722,66,,,0,73,,3721,66,,,0,33,,3726,66,,,0,73,,3727,66,,,0,33,,3725,66,,,0,73,,3728,66,,,0,33,,3723,66,,,0,73,,3724,66,,,0,33,,3732,66,,,0,73,,3731,66,,,0,73,,3730,66,,,0,33,,3733,66,,,0,68,,3729,66,,,0
300,'b3648ede-5954-434f-9b9d-d5f08e1e70ad',806,,3741,66,,,0,33,,3737,66,,,0,73,,3750,66,,,0,33,,3755,66,,,0,73,,3748,66,,,0,33,,3745,66,,,0,73,,3754,66,,,0,33,,3740,66,,,0,73,,3749,66,,,0,73,,3752,66,,,0,33,,3753,66,,,0,73,,3742,66,,,0,33,,3739,66,,,0,73,,3735,66,,,0,33,,3747,66,,,0,73,,3746,66,,,0,33,,3743,66,,,0,73,,3744,66,,,0,73,,3751,66,,,0,33,,3736,66,,,0,68,,3738,66,,,0
300,'c48e9871-c7da-4ae0-bf7c-b3496ea4ba29',733,,3770,66,,,0,73,,3776,66,,,0,33,,3782,66,,,0,73,,3759,66,,,0,33,,3786,66,,,0,73,,3777,66,,,0,33,,3783,66,,,0,73,,3757,66,,,0,33,,3756,66,,,0,73,,3779,66,,,0,73,,3773,66,,,0,33,,3780,66,,,0,73,,3778,66,,,0,33,,3764,66,,,0,73,,3775,66,,,0,33,,3768,66,,,0,73,,3766,66,,,0,33,,3784,66,,,0,73,,3760,66,,,0,73,,3771,66,,,0,33,,3762,66,,,0,73,,3765,66,,,0,33,,3767,66,,,0,73,,3785,66,,,0,33,,3774,66,,,0,73,,3763,66,,,0,33,,3769,66,,,0,73,,3761,66,,,0,33,,3758,66,,,0,64,,3772,66,,,0,30,,3781,66,,,0
300,'d7cebbf2-c439-48e5-af23-2183cbefe818',627,,3794,66,,,0,74,,3814,66,,,0,32,,3817,66,,,0,73,,3803,66,,,0,33,,3819,66,,,0,73,,3806,66,,,0,33,,3816,66,,,0,73,,3807,66,,,0,33,,3818,66,,,0,73,,3811,66,,,0,33,,3802,66,,,0,73,,3792,66,,,0,73,,3787,66,,,0,33,,3796,66,,,0,73,,3812,66,,,0,33,,3799,66,,,0,73,,3813,66,,,0,33,,3800,66,,,0,73,,3809,66,,,0,33,,3797,66,,,0,73,,3798,66,,,0,73,,3791,66,,,0,33,,3793,66,,,0,73,,3789,66,,,0,33,,3804,66,,,0,73,,3801,66,,,0,33,,3815,66,,,0,73,,3808,66,,,0,33,,3810,66,,,0,73,,3795,66,,,0,33,,3790,66,,,0,64,,3805,66,,,0,30,,3788,66,,,0
400,'8121286b-fd49-4716-b922-42f8d7dc989c',840,,3940,143,,,0,71,,3931,143,,,0,33,,3933,143,,,0,73,,3930,143,,,0,33,,3941,143,,,0,73,,3936,143,,,0,33,,3937,143,,,0,73,,3927,143,,,0,73,,3934,143,,,0,33,,3943,143,,,0,73,,3944,143,,,0,33,,3942,143,,,0,73,,3928,143,,,0,33,,3938,143,,,0,73,,3935,143,,,0,33,,3939,143,,,0,73,,3929,143,,,0,33,,3945,143,,,0,73,,3926,143,,,0,73,,3932,142,,,0
400,'b3648ede-5954-434f-9b9d-d5f08e1e70ad',840,,3950,143,,,0,71,,3951,143,,,0,33,,3961,143,,,0,73,,3947,143,,,0,33,,3953,143,,,0,73,,3956,143,,,0,33,,3946,143,,,0,73,,3955,143,,,0,73,,3963,143,,,0,33,,3958,143,,,0,73,,3960,143,,,0,33,,3965,143,,,0,73,,3964,143,,,0,33,,3962,143,,,0,73,,3952,143,,,0,33,,3949,143,,,0,73,,3959,143,,,0,33,,3957,143,,,0,73,,3948,143,,,0,73,,3954,142,,,0
400,'c48e9871-c7da-4ae0-bf7c-b3496ea4ba29',733,,3969,143,,,0,72,,3992,143,,,0,35,,3984,143,,,0,71,,3981,143,,,0,33,,3988,143,,,0,73,,3975,143,,,0,33,,3982,143,,,0,73,,3980,143,,,0,33,,3968,143,,,0,73,,3985,143,,,0,73,,3987,143,,,0,33,,3994,143,,,0,73,,3970,143,,,0,33,,3991,143,,,0,73,,3997,143,,,0,33,,3971,143,,,0,73,,3989,143,,,0,33,,3977,143,,,0,73,,3986,143,,,0,33,,3967,143,,,0,73,,3974,143,,,0,73,,3983,143,,,0,33,,3976,143,,,0,73,,3972,143,,,0,33,,3995,143,,,0,73,,3993,143,,,0,33,,3973,143,,,0,73,,3996,143,,,0,33,,3979,143,,,0,73,,3998,143,,,0,26,,3978,142,,,0
400,'d7cebbf2-c439-48e5-af23-2183cbefe818',635,,4013,143,,,0,65,,4027,143,,,0,33,,4022,143,,,0,72,,4008,143,,,0,34,,4003,143,,,0,72,,4030,143,,,0,33,,4025,143,,,0,73,,4001,143,,,0,33,,4016,143,,,0,73,,4015,143,,,0,33,,4000,143,,,0,73,,4017,143,,,0,73,,4010,143,,,0,33,,4032,143,,,0,73,,4007,143,,,0,33,,4005,143,,,0,73,,4009,143,,,0,33,,4023,143,,,0,73,,4011,143,,,0,33,,4020,143,,,0,73,,4012,143,,,0,33,,4002,143,,,0,73,,4014,143,,,0,73,,4029,143,,,0,33,,4026,143,,,0,73,,4004,143,,,0,33,,4031,143,,,0,73,,4018,143,,,0,33,,4021,143,,,0,73,,4019,143,,,0,33,,4024,143,,,0,73,,4006,143,,,0,26,,3999,142,,,0
