400,'8121286b-fd49-4716-b922-42f8d7dc989c',813,,3940,62,,,0,31,,3931,62,,,0,73,,3933,62,,,0,33,,3930,62,,,0,73,,3941,62,,,0,33,,3936,62,,,0,73,,3937,62,,,0,73,,3927,62,,,0,33,,3934,62,,,0,73,,3943,62,,,0,33,,3944,62,,,0,73,,3942,62,,,0,33,,3928,62,,,0,73,,3938,62,,,0,33,,3935,62,,,0,73,,3939,62,,,0,33,,3929,62,,,0,73,,3945,62,,,0,73,,3926,62,,,0,33,,3932,62,,,0
400,'b3648ede-5954-434f-9b9d-d5f08e1e70ad',813,,3950,62,,,0,31,,3951,62,,,0,73,,3961,62,,,0,33,,3947,62,,,0,73,,3953,62,,,0,33,,3956,62,,,0,73,,3946,62,,,0,73,,3955,62,,,0,33,,3963,62,,,0,73,,3958,62,,,0,33,,3966,62,,,0,73,,3965,62,,,0,33,,3964,62,,,0,73,,3962,62,,,0,33,,3952,62,,,0,73,,3949,62,,,0,33,,3959,62,,,0,73,,3957,62,,,0,73,,3948,62,,,0,33,,3954,62,,,0
400,'c48e9871-c7da-4ae0-bf7c-b3496ea4ba29',706,,3969,62,,,0,32,,3992,62,,,0,75,,3984,62,,,0,31,,3981,62,,,0,73,,3988,62,,,0,33,,3975,62,,,0,73,,3982,62,,,0,33,,3980,62,,,0,73,,3968,62,,,0,73,,3985,62,,,0,33,,3987,62,,,0,73,,3994,62,,,0,33,,3970,62,,,0,73,,3990,62,,,0,33,,3997,62,,,0,73,,3971,62,,,0,33,,3989,62,,,0,73,,3977,62,,,0,33,,3986,62,,,0,73,,3967,62,,,0,73,,3974,62,,,0,33,,3983,62,,,0,73,,3976,62,,,0,33,,3972,62,,,0,73,,3995,62,,,0,33,,3993,62,,,0,73,,3973,62,,,0,33,,3996,62,,,0,73,,3979,62,,,0,73,,3998,62,,,0,26,,3978,62,,,0
400,'d7cebbf2-c439-48e5-af23-2183cbefe818',633,,4027,62,,,0,73,,4022,62,,,0,32,,4008,62,,,0,74,,4003,62,,,0,32,,4030,62,,,0,73,,4025,62,,,0,33,,4001,62,,,0,73,,4016,62,,,0,33,,4015,62,,,0,73,,4000,62,,,0,73,,4017,62,,,0,33,,4028,62,,,0,73,,4032,62,,,0,33,,4007,62,,,0,73,,4005,62,,,0,33,,4009,62,,,0,73,,4023,62,,,0,33,,4011,62,,,0,73,,4020,62,,,0,33,,4012,62,,,0,73,,4002,62,,,0,73,,4014,62,,,0,33,,4029,62,,,0,73,,4026,62,,,0,33,,4004,62,,,0,73,,4031,62,,,0,33,,4018,62,,,0,73,,4021,62,,,0,33,,4019,62,,,0,73,,4024,62,,,0,73,,4006,62,,,0,26,,3999,62,,,0
1006000,'d7cebbf2-c439-48e5-af23-2183cbefe818',710,,4433,193,,,0,95,,4435,193,,,0,100,,4443,193,,,0,100,,4438,193,,,0,100,,4434,193,,,0,100,,4440,193,,,0,100,,4439,193,,,0,100,,4442,193,,,0,100,,4441,193,,,0,100,,4437,193,,,0,100,,4432,193,,,0,100,,4444,193,,,0,100,,4436,192,,,0
2006000,'d7cebbf2-c439-48e5-af23-2183cbefe818',641,,4504,91,,,0,94,,4505,91,,,0,100,,4498,91,,,0,100,,4499,91,,,0,100,,4503,91,,,0,100,,4502,91,,,0,100,,4497,91,,,0,100,,4494,91,,,0,100,,4495,91,,,0,100,,4493,91,,,0,100,,4496,91,,,0,100,,4501,91,,,0,100,,4500,90,,,0
3006000,'8121286b-fd49-4716-b922-42f8d7dc989c',816,,4559,73,,,0,41,,4563,73,,,0,85,,4553,73,,,0,85,,4555,73,,,0,85,,4556,73,,,0,45,,4561,73,,,0,85,,4557,73,,,0,85,,4554,73,,,0,85,,4558,73,,,0,45,,4566,73,,,0,85,,4567,73,,,0,85,,4565,73,,,0,85,,4560,73,,,0,45,,4564,73,,,0,85,,4562,76,,,0
3006000,'b3648ede-5954-434f-9b9d-d5f08e1e70ad',816,,4575,73,,,0,41,,4580,73,,,0,85,,4579,73,,,0,85,,4569,73,,,0,85,,4577,73,,,0,45,,4574,73,,,0,85,,4581,73,,,0,85,,4573,73,,,0,85,,4572,73,,,0,45,,4576,73,,,0,85,,4570,73,,,0,85,,4568,73,,,0,85,,4571,73,,,0,45,,4582,73,,,0,85,,4578,76,,,0
3006000,'c48e9871-c7da-4ae0-bf7c-b3496ea4ba29',716,,4598,73,,,0,41,,4594,73,,,0,85,,4593,73,,,0,85,,4584,73,,,0,85,,4599,73,,,0,45,,4589,73,,,0,85,,4595,73,,,0,85,,4603,73,,,0,85,,4591,73,,,0,45,,4585,73,,,0,85,,4586,73,,,0,85,,4600,73,,,0,85,,4596,73,,,0,45,,4588,73,,,0,85,,4604,73,,,0,85,,4592,73,,,0,85,,4605,73,,,0,45,,4602,73,,,0,85,,4587,73,,,0,85,,4601,73,,,0,85,,4583,73,,,0,45,,4590,73,,,0,85,,4597,76,,,0
3006000,'d7cebbf2-c439-48e5-af23-2183cbefe818',1957,,4609,73,,,0,85,,4607,73,,,0,85,,4610,73,,,0,85,,4611,73,,,0,45,,4608,73,,,0,85,,4606,76,,,0
