101,'8121286b-fd49-4716-b922-42f8d7dc989c',805,,3393,56,,,0,33,,3383,56,,,0,73,,3387,56,,,0,33,,3395,56,,,0,73,,3392,56,,,0,33,,3400,56,,,0,73,,3380,56,,,0,33,,3396,56,,,0,73,,3397,56,,,0,73,,3385,56,,,0,33,,3389,56,,,0,73,,3390,56,,,0,33,,3391,56,,,0,73,,3381,56,,,0,33,,3384,56,,,0,73,,3401,56,,,0,33,,3386,56,,,0,73,,3399,56,,,0,33,,3382,56,,,0,73,,3398,56,,,0,73,,3388,56,4,,0
101,'b3648ede-5954-434f-9b9d-d5f08e1e70ad',805,,3411,56,,,0,33,,3408,56,,,0,73,,3402,56,,,0,33,,3421,56,,,0,73,,3414,56,,,0,33,,3422,56,,,0,73,,3415,56,,,0,33,,3403,56,,,0,73,,3410,56,,,0,73,,3418,56,,,0,33,,3420,56,,,0,73,,3412,56,,,0,33,,3404,56,,,0,73,,3407,56,,,0,33,,3405,56,,,0,73,,3416,56,,,0,33,,3409,56,,,0,73,,3423,56,,,0,33,,3413,56,,,0,73,,3419,56,,,0,73,,3406,56,4,,0
101,'c48e9871-c7da-4ae0-bf7c-b3496ea4ba29',659,,3426,56,,,0,73,,3433,56,,,0,73,,3435,56,,,0,33,,3446,56,,,0,73,,3437,56,,,0,33,,3443,56,,,0,73,,3449,56,,,0,33,,3438,56,,,0,73,,3434,56,,,0,33,,3453,56,,,0,73,,3427,56,,,0,73,,3424,56,,,0,33,,3444,56,,,0,73,,3454,56,,,0,33,,3456,56,,,0,73,,3425,56,,,0,33,,3436,56,,,0,73,,3440,56,,,0,33,,3429,56,,,0,73,,3430,56,,,0,33,,3448,56,,,0,73,,3445,56,,,0,73,,3451,56,,,0,33,,3442,56,,,0,73,,3439,56,,,0,33,,3457,56,,,0,73,,3447,56,,,0,33,,3432,56,,,0,73,,3441,56,,,0,30,,3431,56,,,0,70,,3455,56,,,0,35,,3452,56,4,,0
101,'d7cebbf2-c439-48e5-af23-2183cbefe818',557,,3469,56,,,0,69,,3458,56,,,0,33,,3478,56,,,0,73,,3488,56,,,0,73,,3472,56,,,0,33,,3484,56,,,0,73,,3483,56,,,0,33,,3474,56,,,0,73,,3468,56,,,0,33,,3470,56,,,0,73,,3482,56,,,0,33,,3477,56,,,0,73,,3485,56,,,0,73,,3466,56,,,0,33,,3465,56,,,0,73,,3463,56,,,0,33,,3475,56,,,0,73,,3459,56,,,0,33,,3489,56,,,0,73,,3467,56,,,0,33,,3491,56,,,0,73,,3461,56,,,0,33,,3479,56,,,0,73,,3481,56,,,0,73,,3471,56,,,0,33,,3487,56,,,0,73,,3480,56,,,0,33,,3473,56,,,0,73,,3486,56,,,0,33,,3460,56,,,0,73,,3490,56,,,0,30,,3464,56,,,0,70,,3476,56,,,0,35,,3462,56,4,,0
201,'8121286b-fd49-4716-b922-42f8d7dc989c',822,,3611,81,,,0,33,,3617,81,,,0,73,,3622,81,,,0,73,,3609,81,,,0,33,,3608,81,,,0,73,,3612,81,,,0,33,,3615,81,,,0,73,,3605,81,,,0,33,,3618,81,,,0,73,,3610,81,,,0,33,,3614,81,,,0,73,,3624,81,,,0,33,,3621,81,,,0,73,,3619,81,,,0,73,,3607,81,,,0,33,,3616,81,,,0,73,,3606,81,,,0,33,,3613,81,,,0,73,,3620,81,,,0,33,,3623,81,,,0
201,'b3648ede-5954-434f-9b9d-d5f08e1e70ad',822,,3631,81,,,0,33,,3645,81,,,0,73,,3635,81,,,0,73,,3633,81,,,0,33,,3627,81,,,0,73,,3634,81,,,0,33,,3640,81,,,0,73,,3632,81,,,0,33,,3646,81,,,0,73,,3630,81,,,0,33,,3642,81,,,0,73,,3638,81,,,0,33,,3637,81,,,0,73,,3639,81,,,0,73,,3629,81,,,0,33,,3626,81,,,0,73,,3643,81,,,0,33,,3625,81,,,0,73,,3644,81,,,0,33,,3641,81,,,0
201,'c48e9871-c7da-4ae0-bf7c-b3496ea4ba29',716,,3663,81,,,0,33,,3649,81,,,0,73,,3660,81,,,0,33,,3666,81,,,0,73,,3652,81,,,0,73,,3667,81,,,0,33,,3677,81,,,0,73,,3650,81,,,0,33,,3647,81,,,0,73,,3675,81,,,0,33,,3661,81,,,0,73,,3672,81,,,0,33,,3653,81,,,0,73,,3670,81,,,0,33,,3658,81,,,0,73,,3655,81,,,0,73,,3662,81,,,0,33,,3671,81,,,0,73,,3678,81,,,0,33,,3651,81,,,0,73,,3674,81,,,0,33,,3676,81,,,0,73,,3654,81,,,0,33,,3673,81,,,0,73,,3657,81,,,0,73,,3669,81,,,0,33,,3668,81,,,0,73,,3659,81,,,0,30,,3656,81,,,0,70,,3665,81,,,0,32,,3664,81,,,0
201,'d7cebbf2-c439-48e5-af23-2183cbefe818',610,,3695,81,,,0,33,,3682,81,,,0,73,,3710,81,,,0,33,,3679,81,,,0,73,,3684,81,,,0,33,,3686,81,,,0,73,,3702,81,,,0,73,,3706,81,,,0,33,,3713,81,,,0,73,,3705,81,,,0,33,,3689,81,,,0,73,,3692,81,,,0,33,,3700,81,,,0,73,,3696,81,,,0,33,,3699,81,,,0,73,,3703,81,,,0,33,,3712,81,,,0,73,,3698,81,,,0,73,,3697,81,,,0,33,,3688,81,,,0,73,,3707,81,,,0,33,,3685,81,,,0,73,,3709,81,,,0,33,,3708,81,,,0,73,,3691,81,,,0,33,,3681,81,,,0,73,,3693,81,,,0,73,,3680,81,,,0,33,,3683,81,,,0,73,,3690,81,,,0,30,,3687,81,,,0,70,,3704,81,,,0,32,,3701,81,,,0
400,'8121286b-fd49-4716-b922-42f8d7dc989c',814,,3940,66,,,0,31,,3931,66,,,0,73,,3933,66,,,0,33,,3930,66,,,0,73,,3941,66,,,0,33,,3936,66,,,0,73,,3937,66,,,0,73,,3927,66,,,0,33,,3934,66,,,0,73,,3943,66,,,0,33,,3944,66,,,0,73,,3942,66,,,0,33,,3928,66,,,0,73,,3938,66,,,0,33,,3935,66,,,0,73,,3939,66,,,0,73,,3929,66,,,0,33,,3945,66,,,0,73,,3926,66,,,0,33,,3932,66,,,0
400,'b3648ede-5954-434f-9b9d-d5f08e1e70ad',814,,3950,66,,,0,31,,3951,66,,,0,73,,3961,66,,,0,33,,3947,66,,,0,73,,3953,66,,,0,33,,3956,66,,,0,73,,3946,66,,,0,73,,3955,66,,,0,33,,3963,66,,,0,73,,3958,66,,,0,33,,3966,66,4,,0,73,,3965,66,,,0,33,,3964,66,,,0,73,,3962,66,,,0,33,,3952,66,,,0,73,,3949,66,,,0,73,,3959,66,,,0,33,,3957,66,,,0,73,,3948,66,,,0,33,,3954,66,,,0
400,'c48e9871-c7da-4ae0-bf7c-b3496ea4ba29',707,,3969,66,,,0,32,,3992,66,,,0,75,,3984,66,,,0,31,,3981,66,,,0,73,,3988,66,,,0,33,,3975,66,,,0,73,,3982,66,,,0,33,,3980,66,,,0,73,,3968,66,,,0,73,,3985,66,,,0,33,,3987,66,,,0,73,,3994,66,,,0,33,,3970,66,,,0,73,,3990,66,4,,0,33,,3997,66,,,0,73,,3971,66,,,0,33,,3989,66,,,0,73,,3977,66,,,0,73,,3986,66,,,0,33,,3967,66,,,0,73,,3974,66,,,0,33,,3983,66,,,0,73,,3976,66,,,0,33,,3972,66,,,0,73,,3995,66,,,0,33,,3993,66,,,0,73,,3973,66,,,0,33,,3996,66,,,0,73,,3979,66,,,0,73,,3998,66,,,0,26,,3978,66,,,0
400,'d7cebbf2-c439-48e5-af23-2183cbefe818',609,,4013,66,,,0,25,,4027,66,,,0,73,,4022,66,,,0,32,,4008,66,,,0,74,,4003,66,,,0,32,,4030,66,,,0,73,,4025,66,,,0,33,,4001,66,,,0,73,,4016,66,,,0,33,,4015,66,,,0,73,,4000,66,,,0,73,,4017,66,,,0,33,,4028,66,4,,0,73,,4032,66,,,0,33,,4007,66,,,0,73,,4005,66,,,0,33,,4009,66,,,0,73,,4023,66,,,0,33,,4011,66,,,0,73,,4020,66,,,0,73,,4012,66,,,0,33,,4002,66,,,0,73,,4014,66,,,0,33,,4029,66,,,0,73,,4026,66,,,0,33,,4004,66,,,0,73,,4031,66,,,0,33,,4018,66,,,0,73,,4021,66,,,0,33,,4019,66,,,0,73,,4024,66,,,0,73,,4006,66,,,0,26,,3999,66,,,0
1006100,'d7cebbf2-c439-48e5-af23-2183cbefe818',703,,4467,79,4,,0,40,,4466,79,4,,0,85,,4459,79,4,,0,85,,4472,79,4,,0,45,,4470,79,4,,0,85,,4462,79,4,,0,85,,4468,79,4,,0,85,,4469,79,4,,0,45,,4471,79,4,,0,85,,4463,79,4,,0,85,,4461,79,4,,0,85,,4474,79,4,,0,45,,4460,79,4,,0,85,,4473,79,4,,0,85,,4464,79,4,,0,85,,4465,79,4,,0,45,,4458,79,4,,0
1006101,'d7cebbf2-c439-48e5-af23-2183cbefe818',605,,4492,0,,,0,40,,4478,0,,,0,85,,4479,0,,,0,85,,4487,0,,,0,85,,4484,0,,,0,45,,4485,0,,,0,85,,4480,0,,,0,85,,4486,0,,,0,85,,4490,0,,,0,45,,4489,0,,,0,85,,4481,0,,,0,85,,4488,0,,,0,85,,4482,0,,,0,45,,4476,0,,,0,85,,4475,0,,,0,85,,4491,0,,,0,85,,4477,0,,,0,45,,4483,0,,,0
2006100,'d7cebbf2-c439-48e5-af23-2183cbefe818',644,,4527,60,4,,0,80,,4529,60,4,,0,85,,4528,60,4,,0,45,,4534,60,4,,0,85,,4522,60,4,,0,85,,4521,60,4,,0,85,,4533,60,4,,0,45,,4530,60,4,,0,85,,4524,60,4,,0,85,,4531,60,4,,0,85,,4526,60,4,,0,45,,4525,60,4,,0,85,,4535,60,4,,0,85,,4523,60,4,,0,85,,4519,60,4,,0,45,,4520,60,4,,0,85,,4532,60,4,,0
2006101,'d7cebbf2-c439-48e5-af23-2183cbefe818',625,,4550,0,,,0,80,,4538,0,,,0,45,,4536,0,,,0,85,,4542,0,,,0,85,,4540,0,,,0,85,,4552,0,,,0,45,,4546,0,,,0,85,,4543,0,,,0,85,,4539,0,,,0,85,,4548,0,,,0,45,,4544,0,,,0,85,,4541,0,,,0,85,,4545,0,,,0,85,,4547,0,,,0,45,,4537,0,,,0,85,,4549,0,,,0,85,,4551,0,,,0
