301,'312abbf0-fdea-4eb9-96c5-7a94145aceb2',717,,5338,6,,,0,33,,5358,6,,,0,73,,5352,6,,,0,33,,5340,6,,,0,73,,5355,6,,,0,73,,5342,6,,,0,33,,5359,6,,,0,73,,5357,6,,,0,33,,5343,6,,,0,73,,5337,6,,,0,34,,5350,6,,,0,75,,5354,6,,,0,35,,5364,6,,,0,75,,5356,6,,,0,75,,5344,6,,,0,35,,5348,6,,,0,75,,5347,6,,,0,35,,5339,6,,,0,75,,5345,6,,,0,74,,5367,6,,,0,34,,5351,6,,,0,73,,5365,6,,,0,33,,5366,6,,,0,73,,5363,6,,,0,33,,5361,6,,,0,73,,5353,6,,,0,33,,5349,6,,,0,73,,5346,6,,,0,20,,5360,6,,,0,70,,5362,6,,,0,25,,5341,6,,,0
301,'66e3ca25-c949-45bf-aa5b-2bde8ae66f69',750,,5380,6,,,0,73,,5386,6,,,0,33,,5377,6,,,0,73,,5368,6,,,0,73,,5378,6,,,0,33,,5371,6,,,0,73,,5385,6,,,0,33,,5383,6,,,0,73,,5388,6,,,0,33,,5373,6,,,0,73,,5379,6,,,0,33,,5372,6,,,0,73,,5369,6,,,0,33,,5381,6,,,0,73,,5376,6,,,0,73,,5375,6,,,0,33,,5370,6,,,0,73,,5384,6,,,0,33,,5387,6,,,0,73,,5374,6,,,0,25,,5382,6,,,0
301,'9ba31bfb-7050-4158-afae-0ffd0d63aa0c',750,,5409,6,,,0,73,,5389,6,,,0,33,,5406,6,,,0,73,,5405,6,,,0,73,,5391,6,,,0,33,,5400,6,,,0,73,,5393,6,,,0,33,,5401,6,,,0,73,,5397,6,,,0,33,,5390,6,,,0,73,,5402,6,,,0,33,,5399,6,,,0,73,,5408,6,,,0,33,,5394,6,,,0,73,,5395,6,,,0,73,,5396,6,,,0,33,,5404,6,,,0,73,,5392,6,,,0,33,,5407,6,,,0,73,,5398,6,,,0,25,,5403,6,,,0
301,'a6a1e58d-53c4-44f8-9966-8649a3a2e257',612,,5411,6,,,0,32,,5424,6,,,0,73,,5430,6,,,0,33,,5442,6,,,0,73,,5440,6,,,0,33,,5428,6,,,0,73,,5414,6,,,0,73,,5441,6,,,0,33,,5426,6,,,0,73,,5415,6,,,0,33,,5423,6,,,0,73,,5421,6,,,0,34,,5433,6,,,0,75,,5427,6,,,0,35,,5437,6,,,0,75,,5425,6,,,0,75,,5435,6,,,0,35,,5413,6,,,0,75,,5429,6,,,0,35,,5422,6,,,0,75,,5420,6,,,0,74,,5438,6,,,0,34,,5432,6,,,0,73,,5439,6,,,0,33,,5417,6,,,0,73,,5410,6,,,0,33,,5436,6,,,0,73,,5418,6,,,0,33,,5412,6,,,0,73,,5419,6,,,0,20,,5434,6,,,0,70,,5431,6,,,0,25,,5416,6,,,0
301,'cdcafeae-7da3-4ec3-beeb-64e1ab4dbc4b',750,,5459,6,,,0,73,,5447,6,,,0,33,,5455,6,,,0,73,,5462,6,,,0,73,,5468,6,,,0,33,,5446,6,,,0,73,,5465,6,,,0,33,,5449,6,,,0,73,,5452,6,,,0,33,,5451,6,,,0,73,,5456,6,,,0,33,,5454,6,,,0,73,,5464,6,,,0,33,,5448,6,,,0,73,,5461,6,,,0,73,,5458,6,,,0,33,,5444,6,,,0,73,,5469,6,,,0,33,,5445,6,,,0,73,,5457,6,,,0,25,,5460,6,,,0,73,,5467,6,,,0,33,,5450,6,,,0,73,,5470,6,,,0,33,,5466,6,,,0,73,,5443,6,,,0,73,,5453,6,,,0,33,,5463,6,,,0
401,'312abbf0-fdea-4eb9-96c5-7a94145aceb2',712,,5614,5,,,0,32,,5633,5,,,0,73,,5629,5,,,0,33,,5636,5,,,0,73,,5637,5,,,0,33,,5621,5,,,0,73,,5627,5,,,0,73,,5610,5,,,0,33,,5609,5,,,0,73,,5640,5,,,0,33,,5634,5,,,0,74,,5639,5,,,0,38,,5615,5,,,0,75,,5638,5,,,0,75,,5635,5,,,0,35,,5616,5,,,0,75,,5626,5,,,0,35,,5631,5,,,0,75,,5617,5,,,0,35,,5625,5,,,0,72,,5619,5,,,0,72,,5632,5,,,0,34,,5613,5,,,0,73,,5622,5,,,0,33,,5618,5,,,0,73,,5608,5,,,0,33,,5611,5,,,0,73,,5628,5,,,0,27,,5623,5,,,0,65,,5630,5,,,0,19,,5624,5,,,0
401,'66e3ca25-c949-45bf-aa5b-2bde8ae66f69',817,,5655,5,,,0,33,,5659,5,,,0,73,,5642,5,,,0,33,,5661,5,,,0,73,,5650,5,,,0,73,,5649,5,,,0,33,,5654,5,,,0,73,,5651,5,,,0,33,,5644,5,,,0,73,,5643,5,,,0,33,,5652,5,,,0,73,,5647,5,,,0,33,,5645,5,,,0,73,,5658,5,,,0,33,,5656,5,,,0,73,,5657,5,,,0,73,,5660,5,,,0,33,,5641,5,,,0,73,,5648,5,,,0,33,,5653,5,,,0
401,'9ba31bfb-7050-4158-afae-0ffd0d63aa0c',817,,5671,5,,,0,33,,5684,5,,,0,73,,5664,5,,,0,33,,5674,5,,,0,73,,5672,5,,,0,73,,5677,5,,,0,33,,5680,5,,,0,73,,5683,5,,,0,33,,5667,5,,,0,73,,5669,5,,,0,33,,5663,5,,,0,73,,5675,5,,,0,33,,5679,5,,,0,73,,5665,5,,,0,33,,5682,5,,,0,73,,5676,5,,,0,73,,5666,5,,,0,33,,5670,5,,,0,73,,5681,5,,,0,33,,5678,5,,,0
401,'a6a1e58d-53c4-44f8-9966-8649a3a2e257',607,,5707,5,,,0,31,,5696,5,,,0,74,,5688,5,,,0,32,,5702,5,,,0,73,,5693,5,,,0,33,,5712,5,,,0,73,,5699,5,,,0,33,,5686,5,,,0,73,,5697,5,,,0,73,,5713,5,,,0,33,,5715,5,,,0,73,,5706,5,,,0,33,,5687,5,,,0,74,,5685,5,,,0,38,,5689,5,,,0,75,,5704,5,,,0,75,,5705,5,,,0,35,,5708,5,,,0,75,,5701,5,,,0,35,,5700,5,,,0,75,,5694,5,,,0,35,,5716,5,,,0,72,,5692,5,,,0,72,,5710,5,,,0,34,,5690,5,,,0,73,,5703,5,,,0,33,,5717,5,,,0,73,,5698,5,,,0,33,,5709,5,,,0,73,,5695,5,,,0,27,,5711,5,,,0,65,,5691,5,,,0,19,,5714,5,,,0
401,'cdcafeae-7da3-4ec3-beeb-64e1ab4dbc4b',817,,5745,5,,,0,33,,5729,5,,,0,73,,5736,5,,,0,33,,5746,5,,,0,73,,5726,5,,,0,73,,5721,5,,,0,33,,5743,5,,,0,73,,5731,5,,,0,33,,5741,5,,,0,73,,5728,5,,,0,33,,5718,5,,,0,73,,5739,5,,,0,33,,5734,5,,,0,73,,5719,5,,,0,33,,5724,5,,,0,73,,5738,5,,,0,73,,5725,5,,,0,33,,5722,5,,,0,73,,5733,5,,,0,33,,5720,5,,,0,68,,5740,5,,,0,30,,5744,5,,,0,73,,5735,5,,,0,33,,5730,5,,,0,73,,5723,5,,,0,33,,5742,5,,,0,73,,5727,5,,,0
