100,'312abbf0-fdea-4eb9-96c5-7a94145aceb2',725,,4687,160,,,0,76,,4688,160,,,0,33,,4674,160,,,0,73,,4683,160,,,0,33,,4679,160,,,0,73,,4671,160,,,0,33,,4680,160,,,0,73,,4676,160,,,0,33,,4675,160,,,0,73,,4669,160,,,0,33,,4673,160,,,0,73,,4693,160,,,0,77,,4697,160,,,0,35,,4690,160,,,0,75,,4694,160,,,0,35,,4692,160,,,0,75,,4689,160,,,0,75,,4686,160,,,0,35,,4684,160,,,0,75,,4691,160,,,0,31,,4685,160,,,0,73,,4700,160,,,0,33,,4677,160,,,0,73,,4678,160,,,0,33,,4695,160,,,0,73,,4696,160,,,0,73,,4698,160,,,0,33,,4672,160,,,0,70,,4699,160,,,0,15,,4668,160,,,0,30,,4670,169,,,0
100,'66e3ca25-c949-45bf-aa5b-2bde8ae66f69',834,,4721,160,,,0,73,,4711,160,,,0,33,,4712,160,,,0,73,,4702,160,,,0,33,,4719,160,,,0,73,,4701,160,,,0,33,,4705,160,,,0,73,,4714,160,,,0,33,,4715,160,,,0,73,,4716,160,,,0,73,,4720,160,,,0,33,,4709,160,,,0,73,,4708,160,,,0,33,,4710,160,,,0,73,,4706,160,,,0,33,,4717,160,,,0,73,,4707,160,,,0,33,,4718,160,,,0,73,,4704,160,,,0,73,,4713,169,,,0
100,'9ba31bfb-7050-4158-afae-0ffd0d63aa0c',834,,4732,160,,,0,73,,4733,160,,,0,33,,4725,160,,,0,73,,4744,160,,,0,33,,4724,160,,,0,73,,4736,160,,,0,33,,4726,160,,,0,73,,4727,160,,,0,33,,4734,160,,,0,73,,4740,160,,,0,73,,4739,160,,,0,33,,4723,160,,,0,73,,4743,160,,,0,33,,4729,160,,,0,73,,4742,160,,,0,33,,4737,160,,,0,73,,4722,160,,,0,33,,4735,160,,,0,73,,4741,160,,,0,73,,4730,169,,,0
100,'a6a1e58d-53c4-44f8-9966-8649a3a2e257',631,,4746,160,,,0,28,,4777,160,,,0,69,,4750,160,,,0,73,,4776,160,,,0,33,,4759,160,,,0,73,,4764,160,,,0,33,,4778,160,,,0,73,,4754,160,,,0,33,,4747,160,,,0,73,,4757,160,,,0,33,,4758,160,,,0,73,,4768,160,,,0,33,,4761,160,,,0,73,,4766,160,,,0,77,,4762,160,,,0,35,,4749,160,,,0,75,,4767,160,,,0,35,,4772,160,,,0,75,,4775,160,,,0,75,,4774,160,,,0,35,,4752,160,,,0,75,,4769,160,,,0,31,,4748,160,,,0,73,,4770,160,,,0,33,,4745,160,,,0,73,,4760,160,,,0,33,,4773,160,,,0,73,,4751,160,,,0,73,,4753,160,,,0,33,,4763,160,,,0,70,,4779,160,,,0,15,,4755,160,,,0,30,,4765,169,,,0
100,'cdcafeae-7da3-4ec3-beeb-64e1ab4dbc4b',834,,4799,160,,,0,73,,4791,160,,,0,33,,4788,160,,,0,73,,4797,160,,,0,33,,4802,160,,,0,73,,4790,160,,,0,33,,4801,160,,,0,73,,4784,160,,,0,33,,4795,160,,,0,73,,4796,160,,,0,73,,4786,160,,,0,33,,4798,160,,,0,73,,4780,160,,,0,33,,4782,160,,,0,73,,4792,160,,,0,33,,4781,160,,,0,73,,4783,160,,,0,33,,4794,160,,,0,73,,4793,160,,,0,73,,4785,169,,,0
3006001,'312abbf0-fdea-4eb9-96c5-7a94145aceb2',733,,6242,89,,,0,85,,6231,89,,,0,85,,6236,89,,,0,45,,6240,89,,,0,85,,6243,89,,,0,85,,6237,89,,,0,85,,6246,89,,,0,45,,6244,89,,,0,85,,6234,89,,,0,85,,6245,89,,,0,85,,6233,89,,,0,45,,6250,89,,,0,85,,6247,89,,,0,85,,6239,89,,,0,85,,6241,89,,,0,45,,6251,89,,,0,85,,6252,89,,,0,85,,6235,89,,,0,85,,6248,89,,,0,45,,6249,89,,,0,85,,6238,89,,,0,85,,6232,89,,,0
3006001,'66e3ca25-c949-45bf-aa5b-2bde8ae66f69',833,,6254,89,,,0,85,,6257,89,,,0,85,,6266,89,,,0,45,,6256,89,,,0,85,,6260,89,,,0,85,,6263,89,,,0,85,,6261,89,,,0,45,,6264,89,,,0,85,,6265,89,,,0,85,,6255,89,,,0,85,,6259,89,,,0,45,,6258,89,,,0,85,,6253,89,,,0,85,,6262,89,,,0
3006001,'9ba31bfb-7050-4158-afae-0ffd0d63aa0c',833,,6270,89,,,0,85,,6275,89,,,0,85,,6279,89,,,0,45,,6278,89,,,0,85,,6274,89,,,0,85,,6272,89,,,0,85,,6268,89,,,0,45,,6267,89,,,0,85,,6276,89,,,0,85,,6277,89,,,0,85,,6273,89,,,0,45,,6269,89,,,0,85,,6271,89,,,0,85,,6280,89,,,0
3006001,'a6a1e58d-53c4-44f8-9966-8649a3a2e257',1933,,6281,89,,,0,85,,6284,89,,,0,85,,6286,89,,,0,45,,6282,89,,,0,85,,6283,89,,,0,85,,6285,89,,,0
3006001,'cdcafeae-7da3-4ec3-beeb-64e1ab4dbc4b',833,,6287,89,,,0,85,,6297,89,,,0,85,,6298,89,,,0,45,,6295,89,,,0,85,,6299,89,,,0,85,,6288,89,,,0,85,,6289,89,,,0,45,,6291,89,,,0,85,,6290,89,,,0,85,,6293,89,,,0,85,,6300,89,,,0,45,,6296,89,,,0,85,,6294,89,,,0,85,,6292,89,,,0
