100,'312abbf0-fdea-4eb9-96c5-7a94145aceb2',729,,4687,172,,,0,76,,4688,172,,,0,33,,4674,172,,,0,73,,4683,172,,,0,33,,4679,172,,,0,73,,4671,172,,,0,33,,4680,172,,,0,73,,4676,172,,,0,33,,4675,172,,,0,73,,4669,172,,,0,73,,4673,172,,,0,33,,4693,172,,,0,78,,4697,172,,,0,35,,4690,172,,,0,75,,4694,172,,,0,35,,4692,172,,,0,75,,4689,172,,,0,75,,4686,172,,,0,35,,4684,172,,,0,75,,4691,172,,,0,30,,4685,172,,,0,73,,4700,172,,,0,33,,4677,172,,,0,73,,4678,172,,,0,73,,4695,172,,,0,33,,4696,172,,,0,73,,4698,172,,,0,33,,4672,172,,,0,70,,4699,172,,,0,15,,4668,172,,,0,30,,4670,181,,,0
100,'66e3ca25-c949-45bf-aa5b-2bde8ae66f69',838,,4721,172,,,0,73,,4711,172,,,0,33,,4712,172,,,0,73,,4702,172,,,0,33,,4719,172,,,0,73,,4701,172,,,0,33,,4705,172,,,0,73,,4714,172,,,0,73,,4715,172,,,0,33,,4716,172,,,0,73,,4720,172,,,0,33,,4709,172,,,0,73,,4708,172,,,0,33,,4710,172,,,0,73,,4706,172,,,0,33,,4717,172,,,0,73,,4707,172,,,0,33,,4718,172,,,0,73,,4704,172,,,0,73,,4713,181,,,0
100,'9ba31bfb-7050-4158-afae-0ffd0d63aa0c',838,,4732,172,,,0,73,,4733,172,,,0,33,,4725,172,,,0,73,,4744,172,,,0,33,,4724,172,,,0,73,,4736,172,,,0,33,,4726,172,,,0,73,,4727,172,,,0,73,,4734,172,,,0,33,,4740,172,,,0,73,,4739,172,,,0,33,,4723,172,,,0,73,,4743,172,,,0,33,,4729,172,,,0,73,,4742,172,,,0,33,,4737,172,,,0,73,,4722,172,,,0,33,,4735,172,,,0,73,,4741,172,,,0,73,,4730,181,,,0
100,'a6a1e58d-53c4-44f8-9966-8649a3a2e257',635,,4746,172,,,0,68,,4777,172,,,0,29,,4750,172,,,0,73,,4776,172,,,0,33,,4759,172,,,0,73,,4764,172,,,0,33,,4778,172,,,0,73,,4754,172,,,0,33,,4747,172,,,0,73,,4757,172,,,0,33,,4758,172,,,0,73,,4768,172,,,0,73,,4761,172,,,0,33,,4766,172,,,0,78,,4762,172,,,0,35,,4749,172,,,0,75,,4767,172,,,0,35,,4772,172,,,0,75,,4775,172,,,0,75,,4774,172,,,0,35,,4752,172,,,0,75,,4769,172,,,0,30,,4748,172,,,0,73,,4770,172,,,0,33,,4745,172,,,0,73,,4760,172,,,0,73,,4773,172,,,0,33,,4751,172,,,0,73,,4753,172,,,0,33,,4763,172,,,0,70,,4779,172,,,0,15,,4755,172,,,0,30,,4765,181,,,0
100,'cdcafeae-7da3-4ec3-beeb-64e1ab4dbc4b',838,,4799,172,,,0,73,,4791,172,,,0,33,,4788,172,,,0,73,,4797,172,,,0,33,,4802,172,,,0,73,,4790,172,,,0,33,,4801,172,,,0,73,,4784,172,,,0,73,,4795,172,,,0,33,,4796,172,,,0,73,,4786,172,,,0,33,,4798,172,,,0,73,,4780,172,,,0,33,,4782,172,,,0,73,,4792,172,,,0,33,,4781,172,,,0,73,,4783,172,,,0,33,,4794,172,,,0,73,,4793,172,,,0,73,,4785,181,,,0
301,'312abbf0-fdea-4eb9-96c5-7a94145aceb2',738,,5338,65,,,0,73,,5358,65,,,0,33,,5352,65,,,0,73,,5340,65,,,0,33,,5355,65,,,0,73,,5342,65,,,0,33,,5359,65,,,0,73,,5357,65,,,0,73,,5343,65,,,0,33,,5337,65,,,0,76,,5350,65,,,0,35,,5354,65,,,0,75,,5364,65,,,0,35,,5356,65,,,0,75,,5344,65,,,0,75,,5348,65,,,0,35,,5347,65,,,0,75,,5339,65,,,0,35,,5345,65,,,0,72,,5367,65,,,0,34,,5351,65,,,0,73,,5365,65,,,0,73,,5366,65,,,0,33,,5363,65,,,0,73,,5361,65,,,0,33,,5353,65,,,0,73,,5349,65,,,0,31,,5346,65,,,0,60,,5360,65,,,0,30,,5362,65,,,0,65,,5341,65,,,0
301,'66e3ca25-c949-45bf-aa5b-2bde8ae66f69',811,,5380,65,,,0,33,,5386,65,,,0,73,,5377,65,,,0,33,,5368,65,,,0,73,,5378,65,,,0,33,,5371,65,,,0,73,,5385,65,,,0,73,,5383,65,,,0,33,,5388,65,,,0,73,,5373,65,,,0,33,,5379,65,,,0,73,,5372,65,,,0,33,,5369,65,,,0,73,,5381,65,,,0,33,,5376,65,,,0,73,,5375,65,,,0,33,,5370,65,,,0,73,,5384,65,,,0,73,,5387,65,,,0,33,,5374,65,,,0,65,,5382,65,,,0
301,'9ba31bfb-7050-4158-afae-0ffd0d63aa0c',811,,5409,65,,,0,33,,5389,65,,,0,73,,5406,65,,,0,33,,5405,65,,,0,73,,5391,65,,,0,33,,5400,65,,,0,73,,5393,65,,,0,73,,5401,65,,,0,33,,5397,65,,,0,73,,5390,65,,,0,33,,5402,65,,,0,73,,5399,65,,,0,33,,5408,65,,,0,73,,5394,65,,,0,33,,5395,65,,,0,73,,5396,65,,,0,33,,5404,65,,,0,73,,5392,65,,,0,73,,5407,65,,,0,33,,5398,65,,,0,65,,5403,65,,,0
301,'a6a1e58d-53c4-44f8-9966-8649a3a2e257',633,,5411,65,,,0,72,,5424,65,,,0,33,,5430,65,,,0,73,,5442,65,,,0,33,,5440,65,,,0,73,,5428,65,,,0,33,,5414,65,,,0,73,,5441,65,,,0,33,,5426,65,,,0,73,,5415,65,,,0,73,,5423,65,,,0,33,,5421,65,,,0,76,,5433,65,,,0,35,,5427,65,,,0,75,,5437,65,,,0,35,,5425,65,,,0,75,,5435,65,,,0,75,,5413,65,,,0,35,,5429,65,,,0,75,,5422,65,,,0,35,,5420,65,,,0,72,,5438,65,,,0,34,,5432,65,,,0,73,,5439,65,,,0,73,,5417,65,,,0,33,,5410,65,,,0,73,,5436,65,,,0,33,,5418,65,,,0,73,,5412,65,,,0,31,,5419,65,,,0,60,,5434,65,,,0,30,,5431,65,,,0,65,,5416,65,,,0
301,'cdcafeae-7da3-4ec3-beeb-64e1ab4dbc4b',811,,5459,65,,,0,33,,5447,65,,,0,73,,5455,65,,,0,33,,5462,65,,,0,73,,5468,65,,,0,33,,5446,65,,,0,73,,5465,65,,,0,73,,5449,65,,,0,33,,5452,65,,,0,73,,5451,65,,,0,33,,5456,65,,,0,73,,5454,65,,,0,33,,5464,65,,,0,73,,5448,65,,,0,33,,5461,65,,,0,73,,5458,65,,,0,33,,5444,65,,,0,73,,5469,65,,,0,73,,5445,65,,,0,33,,5457,65,,,0,65,,5460,65,,,0,33,,5467,65,,,0,73,,5450,65,,,0,33,,5470,65,,,0,73,,5466,65,,,0,33,,5443,65,,,0
1006001,'a6a1e58d-53c4-44f8-9966-8649a3a2e257',618,,6061,188,,,0,90,,6053,188,,,0,100,,6051,188,,,0,105,,6049,188,,,0,100,,6055,188,,,0,100,,6059,188,,,0,100,,6058,188,,,0,100,,6052,188,,,0,100,,6056,188,,,0,105,,6057,188,,,0,100,,6060,188,,,0,100,,6054,188,,,0,100,,6050,188,,,0
1006101,'a6a1e58d-53c4-44f8-9966-8649a3a2e257',621,,6089,48,,,0,80,,6082,48,,,0,45,,6091,48,,,0,85,,6085,48,,,0,85,,6086,48,,,0,85,,6090,48,,,0,45,,6088,48,,,0,85,,6095,48,,,0,85,,6079,48,,,0,85,,6096,48,,,0,45,,6080,48,,,0,85,,6093,48,,,0,85,,6083,48,,,0,85,,6084,48,,,0,45,,6092,48,,,0,85,,6094,48,,,0,85,,6081,48,,,0,85,,6087,48,,,0
2006001,'a6a1e58d-53c4-44f8-9966-8649a3a2e257',642,,6122,91,,,0,94,,6114,91,,,0,100,,6119,91,,,0,105,,6117,91,,,0,100,,6120,91,,,0,100,,6121,91,,,0,100,,6110,91,,,0,100,,6115,91,,,0,100,,6116,91,,,0,105,,6113,91,,,0,100,,6111,91,,,0,100,,6118,91,,,0,100,,6112,91,,,0
3006001,'312abbf0-fdea-4eb9-96c5-7a94145aceb2',737,,6242,98,,,0,85,,6231,98,,,0,85,,6236,98,,,0,45,,6240,98,,,0,85,,6243,98,,,0,85,,6237,98,,,0,85,,6246,98,,,0,45,,6244,98,,,0,85,,6234,98,,,0,85,,6245,98,,,0,85,,6233,98,,,0,45,,6250,98,,,0,85,,6247,98,,,0,85,,6239,98,,,0,85,,6241,98,,,0,45,,6251,98,,,0,85,,6252,98,,,0,85,,6235,98,,,0,85,,6248,98,,,0,45,,6249,98,,,0,85,,6238,98,,,0,85,,6232,98,,,0
3006001,'66e3ca25-c949-45bf-aa5b-2bde8ae66f69',837,,6254,98,,,0,85,,6257,98,,,0,85,,6266,98,,,0,45,,6256,98,,,0,85,,6260,98,,,0,85,,6263,98,,,0,85,,6261,98,,,0,45,,6264,98,,,0,85,,6265,98,,,0,85,,6255,98,,,0,85,,6259,98,,,0,45,,6258,98,,,0,85,,6253,98,,,0,85,,6262,98,,,0
3006001,'9ba31bfb-7050-4158-afae-0ffd0d63aa0c',837,,6270,98,,,0,85,,6275,98,,,0,85,,6279,98,,,0,45,,6278,98,,,0,85,,6274,98,,,0,85,,6272,98,,,0,85,,6268,98,,,0,45,,6267,98,,,0,85,,6276,98,,,0,85,,6277,98,,,0,85,,6273,98,,,0,45,,6269,98,,,0,85,,6271,98,,,0,85,,6280,98,,,0
3006001,'a6a1e58d-53c4-44f8-9966-8649a3a2e257',1937,,6281,98,,,0,85,,6284,98,,,0,85,,6286,98,,,0,45,,6282,98,,,0,85,,6283,98,,,0,85,,6285,98,,,0
3006001,'cdcafeae-7da3-4ec3-beeb-64e1ab4dbc4b',837,,6287,98,,,0,85,,6297,98,,,0,85,,6298,98,,,0,45,,6295,98,,,0,85,,6299,98,,,0,85,,6288,98,,,0,85,,6289,98,,,0,45,,6291,98,,,0,85,,6290,98,,,0,85,,6293,98,,,0,85,,6300,98,,,0,45,,6296,98,,,0,85,,6294,98,,,0,85,,6292,98,,,0
