100,'8121286b-fd49-4716-b922-42f8d7dc989c',840,,3269,175,4,,0,73,,3279,175,4,,0,33,,3268,175,4,,0,73,,3286,175,4,,0,33,,3280,175,4,,0,73,,3274,175,4,,0,33,,3272,175,4,,0,73,,3277,175,4,,0,73,,3288,175,4,,0,33,,3271,175,4,,0,73,,3285,175,4,,0,33,,3287,175,4,,0,73,,3284,175,4,,0,33,,3273,175,4,,0,73,,3282,175,4,,0,33,,3276,175,4,,0,73,,3278,175,4,,0,73,,3275,175,4,,0,33,,3281,175,4,,0,73,,3283,184,4,,0
100,'b3648ede-5954-434f-9b9d-d5f08e1e70ad',840,,3291,175,4,,0,73,,3296,175,4,,0,33,,3305,175,4,,0,73,,3303,175,4,,0,33,,3308,175,4,,0,73,,3300,175,4,,0,33,,3294,175,4,,0,73,,3311,175,4,,0,73,,3297,175,4,,0,33,,3295,175,4,,0,73,,3306,175,4,,0,33,,3298,175,4,,0,73,,3302,175,4,,0,33,,3292,175,4,,0,73,,3293,175,4,,0,33,,3310,175,4,,0,73,,3304,175,4,,0,73,,3299,175,4,,0,33,,3290,175,4,,0,73,,3301,184,4,,0
100,'c48e9871-c7da-4ae0-bf7c-b3496ea4ba29',734,,3338,175,4,,0,73,,3325,175,4,,0,33,,3342,175,4,,0,73,,3344,175,4,,0,33,,3333,175,4,,0,73,,3330,175,4,,0,33,,3323,175,4,,0,73,,3334,175,4,,0,33,,3320,175,4,,0,73,,3328,175,4,,0,73,,3329,175,4,,0,33,,3317,175,4,,0,73,,3337,175,4,,0,33,,3312,175,4,,0,73,,3324,175,4,,0,33,,3321,175,4,,0,73,,3315,175,4,,0,33,,3341,175,4,,0,73,,3331,175,4,,0,73,,3335,175,4,,0,33,,3326,175,4,,0,73,,3319,175,4,,0,33,,3314,175,4,,0,73,,3313,175,4,,0,33,,3343,175,4,,0,73,,3339,175,4,,0,33,,3322,175,4,,0,73,,3340,175,4,,0,33,,3316,175,4,,0,70,,3318,175,4,,0,30,,3332,184,4,,0
100,'d7cebbf2-c439-48e5-af23-2183cbefe818',637,,3352,175,4,,0,68,,3356,175,4,,0,29,,3372,175,4,,0,73,,3374,175,4,,0,33,,3371,175,4,,0,73,,3354,175,4,,0,33,,3347,175,4,,0,73,,3360,175,4,,0,33,,3376,175,4,,0,73,,3373,175,4,,0,33,,3350,175,4,,0,73,,3357,175,4,,0,73,,3346,175,4,,0,33,,3358,175,4,,0,73,,3378,175,4,,0,33,,3368,175,4,,0,73,,3351,175,4,,0,33,,3359,175,4,,0,73,,3370,175,4,,0,33,,3355,175,4,,0,73,,3366,175,4,,0,73,,3367,175,4,,0,33,,3345,175,4,,0,73,,3361,175,4,,0,33,,3379,175,4,,0,73,,3349,175,4,,0,33,,3365,175,4,,0,73,,3363,175,4,,0,33,,3369,175,4,,0,73,,3362,175,4,,0,33,,3377,175,4,,0,70,,3348,175,4,,0,30,,3364,184,4,,0
101,'8121286b-fd49-4716-b922-42f8d7dc989c',747,,3393,0,,,0,73,,3383,0,,,0,33,,3387,0,,,0,73,,3395,0,,,0,33,,3392,0,,,0,73,,3400,0,,,0,73,,3380,0,,,0,33,,3396,0,,,0,73,,3397,0,,,0,33,,3385,0,,,0,73,,3394,0,,,0,33,,3390,0,,,0,73,,3391,0,,,0,33,,3381,0,,,0,73,,3384,0,,,0,73,,3401,0,,,0,33,,3386,0,,,0,73,,3399,0,,,0,33,,3382,0,,,0,73,,3398,0,,,0,33,,3388,0,,,0
101,'b3648ede-5954-434f-9b9d-d5f08e1e70ad',747,,3411,0,,,0,73,,3408,0,,,0,33,,3402,0,,,0,73,,3421,0,,,0,33,,3414,0,,,0,73,,3422,0,,,0,73,,3415,0,,,0,33,,3403,0,,,0,73,,3410,0,,,0,33,,3418,0,,,0,73,,3417,0,,,0,33,,3412,0,,,0,73,,3404,0,,,0,33,,3407,0,,,0,73,,3405,0,,,0,73,,3416,0,,,0,33,,3409,0,,,0,73,,3423,0,,,0,33,,3413,0,,,0,73,,3419,0,,,0,33,,3406,0,,,0
101,'c48e9871-c7da-4ae0-bf7c-b3496ea4ba29',714,,3433,0,,,0,33,,3435,0,,,0,73,,3446,0,,,0,33,,3437,0,,,0,73,,3443,0,,,0,33,,3449,0,,,0,73,,3438,0,,,0,73,,3434,0,,,0,33,,3453,0,,,0,73,,3427,0,,,0,33,,3424,0,,,0,73,,3444,0,,,0,33,,3454,0,,,0,73,,3456,0,,,0,33,,3450,0,,,0,73,,3428,0,,,0,73,,3440,0,,,0,33,,3429,0,,,0,73,,3430,0,,,0,33,,3448,0,,,0,73,,3445,0,,,0,33,,3451,0,,,0,73,,3442,0,,,0,33,,3439,0,,,0,73,,3457,0,,,0,33,,3447,0,,,0,73,,3432,0,,,0,73,,3441,0,,,0,30,,3431,0,,,0,70,,3455,0,,,0,35,,3452,0,,,0
101,'d7cebbf2-c439-48e5-af23-2183cbefe818',608,,3458,0,,,0,33,,3478,0,,,0,73,,3488,0,,,0,33,,3472,0,,,0,73,,3484,0,,,0,33,,3483,0,,,0,73,,3474,0,,,0,33,,3468,0,,,0,73,,3470,0,,,0,73,,3482,0,,,0,33,,3477,0,,,0,73,,3485,0,,,0,33,,3466,0,,,0,73,,3465,0,,,0,33,,3463,0,,,0,73,,3475,0,,,0,33,,3459,0,,,0,73,,3489,0,,,0,73,,3467,0,,,0,33,,3491,0,,,0,73,,3461,0,,,0,33,,3479,0,,,0,73,,3481,0,,,0,33,,3471,0,,,0,73,,3487,0,,,0,33,,3480,0,,,0,73,,3473,0,,,0,33,,3486,0,,,0,73,,3460,0,,,0,73,,3490,0,,,0,30,,3464,0,,,0,70,,3476,0,,,0,35,,3462,0,,,0
300,'8121286b-fd49-4716-b922-42f8d7dc989c',745,,3716,0,,,0,73,,3734,0,,,0,33,,3720,0,,,0,73,,3715,0,,,0,33,,3719,0,,,0,73,,3714,0,,,0,73,,3717,0,,,0,33,,3718,0,,,0,73,,3722,0,,,0,33,,3721,0,,,0,73,,3726,0,,,0,33,,3727,0,,,0,73,,3725,0,,,0,33,,3728,0,,,0,73,,3723,0,,,0,73,,3724,0,,,0,33,,3732,0,,,0,73,,3731,0,,,0,33,,3730,0,,,0,73,,3733,0,,,0,28,,3729,0,,,0
300,'b3648ede-5954-434f-9b9d-d5f08e1e70ad',745,,3741,0,,,0,73,,3737,0,,,0,33,,3750,0,,,0,73,,3755,0,,,0,33,,3748,0,,,0,73,,3745,0,,,0,73,,3754,0,,,0,33,,3740,0,,,0,73,,3749,0,,,0,33,,3752,0,,,0,73,,3753,0,,,0,33,,3742,0,,,0,73,,3739,0,,,0,33,,3735,0,,,0,73,,3747,0,,,0,73,,3746,0,,,0,33,,3743,0,,,0,73,,3744,0,,,0,33,,3751,0,,,0,73,,3736,0,,,0,28,,3738,0,,,0
300,'c48e9871-c7da-4ae0-bf7c-b3496ea4ba29',712,,3770,0,,,0,33,,3776,0,,,0,73,,3782,0,,,0,33,,3759,0,,,0,73,,3786,0,,,0,33,,3777,0,,,0,73,,3783,0,,,0,73,,3757,0,,,0,33,,3756,0,,,0,73,,3779,0,,,0,33,,3773,0,,,0,73,,3780,0,,,0,33,,3778,0,,,0,73,,3764,0,,,0,33,,3775,0,,,0,73,,3768,0,,,0,73,,3766,0,,,0,33,,3784,0,,,0,73,,3760,0,,,0,33,,3771,0,,,0,73,,3762,0,,,0,33,,3765,0,,,0,73,,3767,0,,,0,33,,3785,0,,,0,73,,3774,0,,,0,33,,3763,0,,,0,73,,3769,0,,,0,73,,3761,0,,,0,33,,3758,0,,,0,64,,3772,0,,,0,30,,3781,0,,,0
300,'d7cebbf2-c439-48e5-af23-2183cbefe818',606,,3794,0,,,0,34,,3814,0,,,0,72,,3817,0,,,0,33,,3803,0,,,0,73,,3819,0,,,0,33,,3806,0,,,0,73,,3816,0,,,0,33,,3807,0,,,0,73,,3818,0,,,0,73,,3811,0,,,0,33,,3802,0,,,0,73,,3792,0,,,0,33,,3787,0,,,0,73,,3796,0,,,0,33,,3812,0,,,0,73,,3799,0,,,0,33,,3813,0,,,0,73,,3800,0,,,0,73,,3809,0,,,0,33,,3797,0,,,0,73,,3798,0,,,0,33,,3791,0,,,0,73,,3793,0,,,0,33,,3789,0,,,0,73,,3804,0,,,0,33,,3801,0,,,0,73,,3815,0,,,0,33,,3808,0,,,0,73,,3810,0,,,0,73,,3795,0,,,0,33,,3790,0,,,0,64,,3805,0,,,0,30,,3788,0,,,0
301,'8121286b-fd49-4716-b922-42f8d7dc989c',812,,3840,67,4,,0,33,,3823,67,4,,0,73,,3833,67,4,,0,33,,3831,67,4,,0,73,,3839,67,4,,0,33,,3832,67,4,,0,73,,3822,67,4,,0,73,,3837,67,4,,0,33,,3820,67,4,,0,73,,3830,67,4,,0,33,,3821,67,4,,0,73,,3825,67,4,,0,33,,3835,67,4,,0,73,,3836,67,4,,0,33,,3834,67,4,,0,73,,3827,67,4,,0,73,,3826,67,4,,0,33,,3829,67,4,,0,73,,3824,67,4,,0,33,,3828,67,4,,0,65,,3838,67,4,,0
301,'b3648ede-5954-434f-9b9d-d5f08e1e70ad',812,,3860,67,4,,0,33,,3851,67,4,,0,73,,3858,67,4,,0,33,,3854,67,4,,0,73,,3846,67,4,,0,33,,3845,67,4,,0,73,,3852,67,4,,0,73,,3847,67,4,,0,33,,3850,67,4,,0,73,,3859,67,4,,0,33,,3861,67,4,,0,73,,3853,67,4,,0,33,,3843,67,4,,0,73,,3848,67,4,,0,33,,3844,67,4,,0,73,,3857,67,4,,0,73,,3856,67,4,,0,33,,3849,67,4,,0,73,,3841,67,4,,0,33,,3855,67,4,,0,65,,3842,67,4,,0
301,'c48e9871-c7da-4ae0-bf7c-b3496ea4ba29',739,,3877,67,4,,0,73,,3887,67,4,,0,33,,3889,67,4,,0,73,,3876,67,4,,0,33,,3863,67,4,,0,73,,3891,67,4,,0,33,,3862,67,4,,0,73,,3885,67,4,,0,73,,3867,67,4,,0,33,,3864,67,4,,0,73,,3865,67,4,,0,33,,3890,67,4,,0,73,,3869,67,4,,0,33,,3875,67,4,,0,73,,3874,67,4,,0,33,,3878,67,4,,0,73,,3872,67,4,,0,73,,3879,67,4,,0,33,,3881,67,4,,0,73,,3866,67,4,,0,33,,3888,67,4,,0,73,,3886,67,4,,0,33,,3883,67,4,,0,73,,3892,67,4,,0,33,,3870,67,4,,0,73,,3873,67,4,,0,33,,3871,67,4,,0,73,,3880,67,4,,0,70,,3868,67,4,,0,30,,3882,67,4,,0,70,,3884,67,4,,0
301,'d7cebbf2-c439-48e5-af23-2183cbefe818',634,,3918,67,4,,0,72,,3896,67,4,,0,33,,3924,67,4,,0,73,,3895,67,4,,0,33,,3907,67,4,,0,73,,3894,67,4,,0,33,,3912,67,4,,0,73,,3922,67,4,,0,33,,3900,67,4,,0,73,,3925,67,4,,0,73,,3913,67,4,,0,33,,3908,67,4,,0,73,,3893,67,4,,0,33,,3906,67,4,,0,73,,3923,67,4,,0,33,,3921,67,4,,0,73,,3911,67,4,,0,33,,3916,67,4,,0,73,,3917,67,4,,0,73,,3902,67,4,,0,33,,3897,67,4,,0,73,,3899,67,4,,0,33,,3901,67,4,,0,73,,3920,67,4,,0,33,,3909,67,4,,0,73,,3919,67,4,,0,33,,3910,67,4,,0,73,,3903,67,4,,0,33,,3914,67,4,,0,73,,3904,67,4,,0,70,,3915,67,4,,0,30,,3898,67,4,,0,70,,3905,67,4,,0
1006000,'d7cebbf2-c439-48e5-af23-2183cbefe818',643,,4433,0,,,0,95,,4435,0,,,0,100,,4443,0,,,0,100,,4438,0,,,0,100,,4434,0,,,0,100,,4440,0,,,0,100,,4439,0,,,0,100,,4442,0,,,0,100,,4441,0,,,0,100,,4437,0,,,0,100,,4432,0,,,0,100,,4444,0,,,0,100,,4436,0,,,0
1006001,'d7cebbf2-c439-48e5-af23-2183cbefe818',621,,4448,209,4,,0,91,,4456,209,4,,0,100,,4454,209,4,,0,100,,4450,209,4,,0,100,,4455,209,4,,0,100,,4452,209,4,,0,100,,4445,209,4,,0,100,,4449,209,4,,0,100,,4451,209,4,,0,100,,4447,209,4,,0,100,,4446,209,4,,0,100,,4457,209,4,,0,100,,4453,209,4,,0
1006100,'d7cebbf2-c439-48e5-af23-2183cbefe818',645,,4467,0,,,0,80,,4466,0,,,0,85,,4459,0,,,0,45,,4472,0,,,0,85,,4470,0,,,0,85,,4462,0,,,0,85,,4468,0,,,0,45,,4469,0,,,0,85,,4471,0,,,0,85,,4463,0,,,0,85,,4461,0,,,0,45,,4474,0,,,0,85,,4460,0,,,0,85,,4473,0,,,0,85,,4464,0,,,0,45,,4465,0,,,0,85,,4458,0,,,0
1006101,'d7cebbf2-c439-48e5-af23-2183cbefe818',622,,4492,50,4,,0,80,,4478,50,4,,0,45,,4479,50,4,,0,85,,4487,50,4,,0,85,,4484,50,4,,0,85,,4485,50,4,,0,45,,4480,50,4,,0,85,,4486,50,4,,0,85,,4490,50,4,,0,85,,4489,50,4,,0,45,,4481,50,4,,0,85,,4488,50,4,,0,85,,4482,50,4,,0,85,,4476,50,4,,0,45,,4475,50,4,,0,85,,4491,50,4,,0,85,,4477,50,4,,0,85,,4483,50,4,,0
2006000,'d7cebbf2-c439-48e5-af23-2183cbefe818',621,,4504,0,,,0,93,,4505,0,,,0,100,,4498,0,,,0,100,,4499,0,,,0,100,,4503,0,,,0,100,,4502,0,,,0,100,,4497,0,,,0,100,,4494,0,,,0,100,,4495,0,,,0,100,,4493,0,,,0,100,,4496,0,,,0,100,,4501,0,,,0,100,,4500,0,,,0
2006001,'d7cebbf2-c439-48e5-af23-2183cbefe818',643,,4508,93,4,,0,94,,4510,93,4,,0,100,,4509,93,4,,0,100,,4514,93,4,,0,100,,4511,93,4,,0,100,,4513,93,4,,0,100,,4512,93,4,,0,100,,4518,93,4,,0,100,,4516,93,4,,0,100,,4506,93,4,,0,100,,4517,93,4,,0,100,,4515,93,4,,0,100,,4507,93,4,,0
2006100,'d7cebbf2-c439-48e5-af23-2183cbefe818',625,,4527,0,,,0,80,,4529,0,,,0,45,,4528,0,,,0,85,,4534,0,,,0,85,,4522,0,,,0,85,,4521,0,,,0,45,,4533,0,,,0,85,,4530,0,,,0,85,,4524,0,,,0,85,,4531,0,,,0,45,,4526,0,,,0,85,,4525,0,,,0,85,,4535,0,,,0,85,,4523,0,,,0,45,,4519,0,,,0,85,,4520,0,,,0,85,,4532,0,,,0
2006101,'d7cebbf2-c439-48e5-af23-2183cbefe818',643,,4550,82,4,,0,80,,4538,82,4,,0,85,,4536,82,4,,0,45,,4542,82,4,,0,85,,4540,82,4,,0,85,,4552,82,4,,0,85,,4546,82,4,,0,45,,4543,82,4,,0,85,,4539,82,4,,0,85,,4548,82,4,,0,85,,4544,82,4,,0,45,,4541,82,4,,0,85,,4545,82,4,,0,85,,4547,82,4,,0,85,,4537,82,4,,0,45,,4549,82,4,,0,85,,4551,82,4,,0
3006000,'8121286b-fd49-4716-b922-42f8d7dc989c',800,,4559,0,,,0,41,,4563,0,,,0,85,,4553,0,,,0,85,,4555,0,,,0,45,,4556,0,,,0,85,,4561,0,,,0,85,,4557,0,,,0,85,,4554,0,,,0,45,,4558,0,,,0,85,,4566,0,,,0,85,,4567,0,,,0,85,,4565,0,,,0,45,,4560,0,,,0,85,,4564,0,,,0,85,,4562,0,,,0
3006000,'b3648ede-5954-434f-9b9d-d5f08e1e70ad',800,,4575,0,,,0,41,,4580,0,,,0,85,,4579,0,,,0,85,,4569,0,,,0,45,,4577,0,,,0,85,,4574,0,,,0,85,,4581,0,,,0,85,,4573,0,,,0,45,,4572,0,,,0,85,,4576,0,,,0,85,,4570,0,,,0,85,,4568,0,,,0,45,,4571,0,,,0,85,,4582,0,,,0,85,,4578,0,,,0
3006000,'c48e9871-c7da-4ae0-bf7c-b3496ea4ba29',700,,4598,0,,,0,41,,4594,0,,,0,85,,4593,0,,,0,85,,4584,0,,,0,45,,4599,0,,,0,85,,4589,0,,,0,85,,4595,0,,,0,85,,4603,0,,,0,45,,4591,0,,,0,85,,4585,0,,,0,85,,4586,0,,,0,85,,4600,0,,,0,45,,4596,0,,,0,85,,4588,0,,,0,85,,4604,0,,,0,85,,4592,0,,,0,45,,4605,0,,,0,85,,4602,0,,,0,85,,4587,0,,,0,85,,4601,0,,,0,45,,4583,0,,,0,85,,4590,0,,,0,85,,4597,0,,,0
3006000,'d7cebbf2-c439-48e5-af23-2183cbefe818',1941,,4609,0,,,0,85,,4607,0,,,0,85,,4610,0,,,0,45,,4611,0,,,0,85,,4608,0,,,0,85,,4606,0,,,0
3006001,'8121286b-fd49-4716-b922-42f8d7dc989c',839,,4613,100,4,,0,85,,4617,100,4,,0,85,,4622,100,4,,0,45,,4618,100,4,,0,85,,4623,100,4,,0,85,,4620,100,4,,0,85,,4625,100,4,,0,45,,4619,100,4,,0,85,,4624,100,4,,0,85,,4616,100,4,,0,85,,4614,100,4,,0,45,,4612,100,4,,0,85,,4621,100,4,,0,85,,4615,100,4,,0
3006001,'b3648ede-5954-434f-9b9d-d5f08e1e70ad',839,,4636,100,4,,0,85,,4631,100,4,,0,85,,4630,100,4,,0,45,,4627,100,4,,0,85,,4628,100,4,,0,85,,4626,100,4,,0,85,,4639,100,4,,0,45,,4635,100,4,,0,85,,4629,100,4,,0,85,,4632,100,4,,0,85,,4637,100,4,,0,45,,4633,100,4,,0,85,,4634,100,4,,0,85,,4638,100,4,,0
3006001,'c48e9871-c7da-4ae0-bf7c-b3496ea4ba29',739,,4647,100,4,,0,85,,4641,100,4,,0,85,,4642,100,4,,0,45,,4661,100,4,,0,85,,4653,100,4,,0,85,,4643,100,4,,0,85,,4659,100,4,,0,45,,4655,100,4,,0,85,,4650,100,4,,0,85,,4649,100,4,,0,85,,4656,100,4,,0,45,,4646,100,4,,0,85,,4658,100,4,,0,85,,4651,100,4,,0,85,,4644,100,4,,0,45,,4652,100,4,,0,85,,4660,100,4,,0,85,,4648,100,4,,0,85,,4654,100,4,,0,45,,4657,100,4,,0,85,,4645,100,4,,0,85,,4640,100,4,,0
3006001,'d7cebbf2-c439-48e5-af23-2183cbefe818',1939,,4667,100,4,,0,85,,4666,100,4,,0,85,,4663,100,4,,0,45,,4665,100,4,,0,85,,4662,100,4,,0,85,,4664,100,4,,0
