200,'312abbf0-fdea-4eb9-96c5-7a94145aceb2',716,,4967,178,,,0,33,,4945,178,,,0,73,,4943,178,,,0,33,,4950,178,,,0,73,,4953,178,,,0,73,,4939,178,,,0,33,,4963,178,,,0,73,,4966,178,,,0,33,,4956,178,,,0,73,,4949,178,,,0,33,,4969,178,,,0,73,,4940,178,,,0,37,,4959,178,,,0,75,,4955,178,,,0,75,,4942,178,,,0,35,,4941,178,,,0,75,,4951,178,,,0,35,,4965,178,,,0,75,,4968,178,,,0,75,,4957,178,,,0,31,,4961,178,,,0,73,,4971,178,,,0,33,,4958,178,,,0,73,,4948,178,,,0,33,,4946,178,,,0,73,,4962,178,,,0,33,,4954,178,,,0,73,,4970,178,,,0,27,,4947,178,,,0,66,,4944,178,,,0,30,,4960,178,,,0
200,'66e3ca25-c949-45bf-aa5b-2bde8ae66f69',822,,4981,178,,,0,33,,4988,178,,,0,73,,4976,178,,,0,73,,4980,178,,,0,33,,4985,178,,,0,73,,4974,178,,,0,33,,4972,178,,,0,73,,4989,178,,,0,33,,4991,178,,,0,73,,4984,178,,,0,33,,4987,178,,,0,73,,4990,178,,,0,33,,4977,178,,,0,73,,4975,178,,,0,73,,4978,178,,,0,33,,4993,178,,,0,73,,4983,178,,,0,33,,4982,178,,,0,73,,4986,178,,,0,33,,4992,178,,,0
200,'9ba31bfb-7050-4158-afae-0ffd0d63aa0c',822,,4996,178,,,0,33,,5012,178,,,0,73,,4997,178,,,0,73,,5000,178,,,0,33,,5009,178,,,0,73,,4998,178,,,0,33,,5008,178,,,0,73,,5011,178,,,0,33,,5010,178,,,0,73,,5015,178,,,0,33,,5013,178,,,0,73,,5001,178,,,0,33,,5004,178,,,0,73,,5014,178,,,0,73,,5007,178,,,0,33,,4995,178,,,0,73,,5006,178,,,0,33,,5002,178,,,0,73,,4999,178,,,0,33,,5005,178,,,0
200,'a6a1e58d-53c4-44f8-9966-8649a3a2e257',617,,5032,178,,,0,24,,5028,178,,,0,75,,5048,178,,,0,33,,5035,178,,,0,73,,5027,178,,,0,33,,5025,178,,,0,73,,5033,178,,,0,73,,5034,178,,,0,33,,5040,178,,,0,73,,5041,178,,,0,33,,5037,178,,,0,73,,5020,178,,,0,33,,5044,178,,,0,73,,5042,178,,,0,37,,5026,178,,,0,75,,5038,178,,,0,75,,5024,178,,,0,35,,5050,178,,,0,75,,5017,178,,,0,35,,5043,178,,,0,75,,5031,178,,,0,75,,5036,178,,,0,31,,5045,178,,,0,73,,5016,178,,,0,33,,5018,178,,,0,73,,5023,178,,,0,33,,5021,178,,,0,73,,5029,178,,,0,33,,5030,178,,,0,73,,5049,178,,,0,27,,5022,178,,,0,66,,5046,178,,,0,30,,5019,178,,,0
200,'cdcafeae-7da3-4ec3-beeb-64e1ab4dbc4b',822,,5052,178,,,0,33,,5061,178,,,0,73,,5070,178,,,0,73,,5054,178,,,0,33,,5058,178,,,0,73,,5069,178,,,0,33,,5051,178,,,0,73,,5060,178,,,0,33,,5071,178,,,0,73,,5056,178,,,0,33,,5072,178,,,0,73,,5057,178,,,0,33,,5064,178,,,0,73,,5066,178,,,0,73,,5059,178,,,0,33,,5063,178,,,0,73,,5067,178,,,0,33,,5055,178,,,0,73,,5062,178,,,0,33,,5068,178,,,0
300,'312abbf0-fdea-4eb9-96c5-7a94145aceb2',734,,5217,68,,,0,73,,5229,68,,,0,33,,5227,68,,,0,73,,5215,68,,,0,33,,5209,68,,,0,73,,5216,68,,,0,33,,5222,68,,,0,73,,5230,68,,,0,33,,5220,68,,,0,73,,5212,68,,,0,73,,5208,68,,,0,37,,5226,68,,,0,75,,5204,68,,,0,35,,5223,68,,,0,75,,5224,68,,,0,75,,5231,68,,,0,35,,5210,68,,,0,75,,5232,68,,,0,35,,5211,68,,,0,74,,5205,68,,,0,32,,5207,68,,,0,74,,5219,68,,,0,33,,5233,68,,,0,73,,5221,68,,,0,73,,5234,68,,,0,33,,5206,68,,,0,73,,5213,68,,,0,28,,5218,68,,,0,65,,5214,68,,,0,20,,5225,68,,,0,30,,5228,68,,,0
300,'66e3ca25-c949-45bf-aa5b-2bde8ae66f69',807,,5238,68,,,0,33,,5254,68,,,0,73,,5240,68,,,0,33,,5239,68,,,0,73,,5245,68,,,0,33,,5253,68,,,0,73,,5248,68,,,0,33,,5246,68,,,0,73,,5236,68,,,0,73,,5243,68,,,0,33,,5249,68,,,0,73,,5247,68,,,0,33,,5242,68,,,0,73,,5237,68,,,0,33,,5241,68,,,0,73,,5250,68,,,0,33,,5244,68,,,0,73,,5252,68,,,0,73,,5255,68,,,0,33,,5251,68,,,0,68,,5235,68,,,0
300,'9ba31bfb-7050-4158-afae-0ffd0d63aa0c',807,,5264,68,,,0,33,,5268,68,,,0,73,,5270,68,,,0,33,,5256,68,,,0,73,,5263,68,,,0,33,,5275,68,,,0,73,,5260,68,,,0,33,,5276,68,,,0,73,,5261,68,,,0,73,,5259,68,,,0,33,,5258,68,,,0,73,,5269,68,,,0,33,,5265,68,,,0,73,,5267,68,,,0,33,,5262,68,,,0,73,,5266,68,,,0,33,,5274,68,,,0,73,,5273,68,,,0,73,,5271,68,,,0,33,,5257,68,,,0,68,,5272,68,,,0
300,'a6a1e58d-53c4-44f8-9966-8649a3a2e257',628,,5284,68,,,0,74,,5299,68,,,0,32,,5305,68,,,0,73,,5293,68,,,0,33,,5295,68,,,0,73,,5298,68,,,0,33,,5290,68,,,0,73,,5286,68,,,0,33,,5300,68,,,0,73,,5303,68,,,0,33,,5288,68,,,0,73,,5283,68,,,0,73,,5307,68,,,0,37,,5304,68,,,0,75,,5294,68,,,0,35,,5296,68,,,0,75,,5291,68,,,0,75,,5301,68,,,0,35,,5287,68,,,0,75,,5285,68,,,0,35,,5277,68,,,0,74,,5308,68,,,0,32,,5302,68,,,0,74,,5297,68,,,0,33,,5279,68,,,0,73,,5282,68,,,0,73,,5292,68,,,0,33,,5278,68,,,0,73,,5306,68,,,0,28,,5280,68,,,0,65,,5289,68,,,0,20,,5281,68,,,0,30,,5309,68,,,0
300,'cdcafeae-7da3-4ec3-beeb-64e1ab4dbc4b',807,,5310,68,,,0,33,,5330,68,,,0,73,,5323,68,,,0,33,,5320,68,,,0,73,,5314,68,,,0,33,,5317,68,,,0,73,,5325,68,,,0,33,,5326,68,,,0,73,,5332,68,,,0,73,,5316,68,,,0,33,,5335,68,,,0,73,,5331,68,,,0,33,,5336,68,,,0,73,,5327,68,,,0,33,,5324,68,,,0,73,,5321,68,,,0,33,,5329,68,,,0,73,,5312,68,,,0,73,,5311,68,,,0,33,,5315,68,,,0,68,,5322,68,,,0,30,,5313,68,,,0,73,,5319,68,,,0,33,,5328,68,,,0,73,,5318,68,,,0,33,,5334,68,,,0,73,,5333,68,,,0
400,'312abbf0-fdea-4eb9-96c5-7a94145aceb2',734,,5486,144,,,0,72,,5496,144,,,0,35,,5495,144,,,0,71,,5492,144,,,0,33,,5478,144,,,0,73,,5479,144,,,0,33,,5500,144,,,0,73,,5475,144,,,0,33,,5474,144,,,0,73,,5471,144,,,0,73,,5493,144,,,0,33,,5481,144,,,0,73,,5485,144,,,0,37,,5488,144,,,0,78,,5476,144,,,0,76,,5487,144,,,0,36,,5498,144,,,0,75,,5484,144,,,0,35,,5490,144,,,0,71,,5501,144,,,0,34,,5497,144,,,0,75,,5499,144,,,0,32,,5472,144,,,0,72,,5483,144,,,0,74,,5491,144,,,0,33,,5489,144,,,0,73,,5494,144,,,0,25,,5473,144,,,0,70,,5477,144,,,0,25,,5502,144,,,0,27,,5480,143,,,0
400,'66e3ca25-c949-45bf-aa5b-2bde8ae66f69',841,,5520,144,,,0,71,,5504,144,,,0,33,,5514,144,,,0,73,,5507,144,,,0,33,,5511,144,,,0,73,,5513,144,,,0,33,,5522,144,,,0,73,,5518,144,,,0,73,,5506,144,,,0,33,,5503,144,,,0,73,,5519,144,,,0,33,,5516,144,,,0,73,,5508,144,,,0,33,,5515,144,,,0,73,,5505,144,,,0,33,,5521,144,,,0,73,,5517,144,,,0,73,,5510,144,,,0,33,,5509,144,,,0,73,,5512,143,,,0
400,'9ba31bfb-7050-4158-afae-0ffd0d63aa0c',841,,5536,144,,,0,71,,5527,144,,,0,33,,5531,144,,,0,73,,5535,144,,,0,33,,5529,144,,,0,73,,5539,144,,,0,33,,5541,144,,,0,73,,5537,144,,,0,73,,5543,144,,,0,33,,5533,144,,,0,73,,5538,144,,,0,33,,5526,144,,,0,73,,5534,144,,,0,33,,5524,144,,,0,73,,5528,144,,,0,33,,5542,144,,,0,73,,5540,144,,,0,73,,5523,144,,,0,33,,5532,144,,,0,73,,5530,143,,,0
400,'a6a1e58d-53c4-44f8-9966-8649a3a2e257',636,,5572,144,,,0,65,,5561,144,,,0,33,,5566,144,,,0,72,,5553,144,,,0,34,,5573,144,,,0,72,,5578,144,,,0,33,,5570,144,,,0,73,,5544,144,,,0,33,,5554,144,,,0,73,,5571,144,,,0,33,,5547,144,,,0,73,,5558,144,,,0,73,,5560,144,,,0,33,,5559,144,,,0,73,,5550,144,,,0,37,,5562,144,,,0,78,,5556,144,,,0,76,,5557,144,,,0,36,,5549,144,,,0,75,,5567,144,,,0,35,,5564,144,,,0,71,,5569,144,,,0,34,,5552,144,,,0,75,,5555,144,,,0,32,,5574,144,,,0,72,,5565,144,,,0,74,,5563,144,,,0,33,,5577,144,,,0,73,,5548,144,,,0,25,,5576,144,,,0,70,,5568,144,,,0,25,,5546,144,,,0,27,,5551,143,,,0
400,'cdcafeae-7da3-4ec3-beeb-64e1ab4dbc4b',841,,5579,144,,,0,71,,5602,144,,,0,33,,5601,144,,,0,73,,5585,144,,,0,33,,5589,144,,,0,73,,5605,144,,,0,33,,5581,144,,,0,73,,5604,144,,,0,73,,5597,144,,,0,33,,5592,144,,,0,73,,5594,144,,,0,33,,5603,144,,,0,73,,5600,144,,,0,33,,5590,144,,,0,73,,5595,144,,,0,33,,5598,144,,,0,73,,5587,144,,,0,73,,5583,144,,,0,33,,5582,144,,,0,73,,5606,144,,,0,33,,5591,144,,,0,73,,5596,144,,,0,28,,5584,144,,,0,70,,5586,144,,,0,33,,5599,144,,,0,73,,5607,144,,,0
