200,'312abbf0-fdea-4eb9-96c5-7a94145aceb2',722,,4967,197,4,,0,33,,4945,197,4,,0,73,,4943,197,4,,0,73,,4950,197,4,,0,33,,4953,197,4,,0,73,,4939,197,4,,0,33,,4963,197,4,,0,73,,4966,197,4,,0,33,,4956,197,4,,0,73,,4949,197,4,,0,33,,4969,197,4,,0,73,,4940,197,4,,0,78,,4959,197,4,,0,35,,4955,197,4,,0,75,,4942,197,4,,0,35,,4941,197,4,,0,75,,4951,197,4,,0,35,,4965,197,4,,0,75,,4968,197,4,,0,75,,4957,197,4,,0,30,,4961,197,4,,0,73,,4971,197,4,,0,33,,4958,197,4,,0,73,,4948,197,4,,0,33,,4946,197,4,,0,73,,4962,197,4,,0,33,,4954,197,4,,0,73,,4970,197,4,,0,27,,4947,197,4,,0,66,,4944,197,4,,0,30,,4960,197,4,,0
200,'66e3ca25-c949-45bf-aa5b-2bde8ae66f69',828,,4981,197,4,,0,73,,4988,197,4,,0,33,,4976,197,4,,0,73,,4980,197,4,,0,33,,4985,197,4,,0,73,,4974,197,4,,0,33,,4972,197,4,,0,73,,4989,197,4,,0,33,,4991,197,4,,0,73,,4984,197,4,,0,33,,4987,197,4,,0,73,,4990,197,4,,0,73,,4977,197,4,,0,33,,4975,197,4,,0,73,,4978,197,4,,0,33,,4993,197,4,,0,73,,4983,197,4,,0,33,,4982,197,4,,0,73,,4986,197,4,,0,33,,4992,197,4,,0
200,'9ba31bfb-7050-4158-afae-0ffd0d63aa0c',828,,4996,197,4,,0,73,,5012,197,4,,0,33,,4997,197,4,,0,73,,5000,197,4,,0,33,,5009,197,4,,0,73,,4998,197,4,,0,33,,5008,197,4,,0,73,,5011,197,4,,0,33,,5010,197,4,,0,73,,5015,197,4,,0,33,,5013,197,4,,0,73,,5001,197,4,,0,73,,5004,197,4,,0,33,,5014,197,4,,0,73,,5007,197,4,,0,33,,4995,197,4,,0,73,,5006,197,4,,0,33,,5002,197,4,,0,73,,4999,197,4,,0,33,,5005,197,4,,0
200,'a6a1e58d-53c4-44f8-9966-8649a3a2e257',623,,5032,197,4,,0,24,,5028,197,4,,0,75,,5048,197,4,,0,33,,5035,197,4,,0,73,,5027,197,4,,0,73,,5025,197,4,,0,33,,5033,197,4,,0,73,,5034,197,4,,0,33,,5040,197,4,,0,73,,5041,197,4,,0,33,,5037,197,4,,0,73,,5020,197,4,,0,33,,5044,197,4,,0,73,,5042,197,4,,0,78,,5026,197,4,,0,35,,5038,197,4,,0,75,,5024,197,4,,0,35,,5050,197,4,,0,75,,5017,197,4,,0,35,,5043,197,4,,0,75,,5031,197,4,,0,75,,5036,197,4,,0,30,,5045,197,4,,0,73,,5016,197,4,,0,33,,5018,197,4,,0,73,,5023,197,4,,0,33,,5021,197,4,,0,73,,5029,197,4,,0,33,,5030,197,4,,0,73,,5049,197,4,,0,27,,5022,197,4,,0,66,,5046,197,4,,0,30,,5019,197,4,,0
200,'cdcafeae-7da3-4ec3-beeb-64e1ab4dbc4b',828,,5052,197,4,,0,73,,5061,197,4,,0,33,,5070,197,4,,0,73,,5054,197,4,,0,33,,5058,197,4,,0,73,,5069,197,4,,0,33,,5051,197,4,,0,73,,5060,197,4,,0,33,,5071,197,4,,0,73,,5056,197,4,,0,33,,5072,197,4,,0,73,,5057,197,4,,0,73,,5064,197,4,,0,33,,5066,197,4,,0,73,,5059,197,4,,0,33,,5063,197,4,,0,73,,5067,197,4,,0,33,,5055,197,4,,0,73,,5062,197,4,,0,33,,5068,197,4,,0
201,'312abbf0-fdea-4eb9-96c5-7a94145aceb2',656,,5074,0,,,0,73,,5084,0,,,0,73,,5090,0,,,0,33,,5096,0,,,0,73,,5091,0,,,0,33,,5102,0,,,0,73,,5081,0,,,0,33,,5095,0,,,0,73,,5103,0,,,0,33,,5086,0,,,0,73,,5080,0,,,0,75,,5087,0,,,0,35,,5085,0,,,0,75,,5075,0,,,0,35,,5079,0,,,0,75,,5077,0,,,0,35,,5078,0,,,0,75,,5099,0,,,0,75,,5101,0,,,0,33,,5088,0,,,0,73,,5097,0,,,0,33,,5083,0,,,0,73,,5098,0,,,0,33,,5082,0,,,0,73,,5076,0,,,0,33,,5093,0,,,0,73,,5100,0,,,0,70,,5104,0,,,0,30,,5073,0,,,0,70,,5089,0,,,0,25,,5092,0,,,0
201,'66e3ca25-c949-45bf-aa5b-2bde8ae66f69',802,,5110,0,,,0,33,,5123,0,,,0,73,,5109,0,,,0,33,,5116,0,,,0,73,,5120,0,,,0,33,,5122,0,,,0,73,,5121,0,,,0,33,,5114,0,,,0,73,,5115,0,,,0,33,,5105,0,,,0,73,,5107,0,,,0,73,,5111,0,,,0,33,,5124,0,,,0,73,,5119,0,,,0,33,,5118,0,,,0,73,,5108,0,,,0,33,,5113,0,,,0,73,,5112,0,,,0,33,,5117,0,,,0,73,,5106,0,,,0
201,'9ba31bfb-7050-4158-afae-0ffd0d63aa0c',802,,5136,0,,,0,33,,5134,0,,,0,73,,5135,0,,,0,33,,5139,0,,,0,73,,5138,0,,,0,33,,5126,0,,,0,73,,5125,0,,,0,33,,5128,0,,,0,73,,5143,0,,,0,33,,5144,0,,,0,73,,5131,0,,,0,73,,5133,0,,,0,33,,5145,0,,,0,73,,5130,0,,,0,33,,5146,0,,,0,73,,5127,0,,,0,33,,5141,0,,,0,73,,5132,0,,,0,33,,5129,0,,,0,73,,5137,0,,,0
201,'a6a1e58d-53c4-44f8-9966-8649a3a2e257',550,,5156,0,,,0,73,,5169,0,,,0,33,,5158,0,,,0,73,,5164,0,,,0,73,,5147,0,,,0,33,,5173,0,,,0,73,,5171,0,,,0,33,,5160,0,,,0,73,,5177,0,,,0,33,,5172,0,,,0,73,,5162,0,,,0,33,,5153,0,,,0,73,,5181,0,,,0,75,,5165,0,,,0,35,,5150,0,,,0,75,,5166,0,,,0,35,,5178,0,,,0,75,,5155,0,,,0,35,,5154,0,,,0,75,,5148,0,,,0,75,,5152,0,,,0,33,,5179,0,,,0,73,,5168,0,,,0,33,,5159,0,,,0,73,,5157,0,,,0,33,,5161,0,,,0,73,,5175,0,,,0,33,,5170,0,,,0,73,,5180,0,,,0,70,,5149,0,,,0,30,,5163,0,,,0,70,,5176,0,,,0,25,,5151,0,,,0
201,'cdcafeae-7da3-4ec3-beeb-64e1ab4dbc4b',802,,5194,0,,,0,33,,5186,0,,,0,73,,5191,0,,,0,33,,5183,0,,,0,73,,5187,0,,,0,33,,5193,0,,,0,73,,5190,0,,,0,33,,5201,0,,,0,73,,5199,0,,,0,33,,5185,0,,,0,73,,5192,0,,,0,73,,5189,0,,,0,33,,5184,0,,,0,73,,5182,0,,,0,33,,5202,0,,,0,73,,5203,0,,,0,33,,5188,0,,,0,73,,5196,0,,,0,33,,5197,0,,,0,73,,5200,0,,,0
300,'312abbf0-fdea-4eb9-96c5-7a94145aceb2',739,,5217,90,4,,0,73,,5229,90,4,,0,33,,5227,90,4,,0,73,,5215,90,4,,0,33,,5209,90,4,,0,73,,5216,90,4,,0,33,,5222,90,4,,0,73,,5230,90,4,,0,73,,5220,90,4,,0,33,,5212,90,4,,0,73,,5208,90,4,,0,38,,5226,90,4,,0,75,,5204,90,4,,0,35,,5223,90,4,,0,75,,5224,90,4,,0,75,,5231,90,4,,0,35,,5210,90,4,,0,75,,5232,90,4,,0,35,,5211,90,4,,0,73,,5205,90,4,,0,32,,5207,90,4,,0,74,,5219,90,4,,0,73,,5233,90,4,,0,33,,5221,90,4,,0,73,,5234,90,4,,0,33,,5206,90,4,,0,73,,5213,90,4,,0,27,,5218,90,4,,0,65,,5214,90,4,,0,20,,5225,90,4,,0,30,,5228,90,4,,0
300,'66e3ca25-c949-45bf-aa5b-2bde8ae66f69',812,,5238,90,4,,0,33,,5254,90,4,,0,73,,5240,90,4,,0,33,,5239,90,4,,0,73,,5245,90,4,,0,33,,5253,90,4,,0,73,,5248,90,4,,0,73,,5246,90,4,,0,33,,5236,90,4,,0,73,,5243,90,4,,0,33,,5249,90,4,,0,73,,5247,90,4,,0,33,,5242,90,4,,0,73,,5237,90,4,,0,33,,5241,90,4,,0,73,,5250,90,4,,0,73,,5244,90,4,,0,33,,5252,90,4,,0,73,,5255,90,4,,0,33,,5251,90,4,,0,68,,5235,90,4,,0
300,'9ba31bfb-7050-4158-afae-0ffd0d63aa0c',812,,5264,90,4,,0,33,,5268,90,4,,0,73,,5270,90,4,,0,33,,5256,90,4,,0,73,,5263,90,4,,0,33,,5275,90,4,,0,73,,5260,90,4,,0,73,,5276,90,4,,0,33,,5261,90,4,,0,73,,5259,90,4,,0,33,,5258,90,4,,0,73,,5269,90,4,,0,33,,5265,90,4,,0,73,,5267,90,4,,0,33,,5262,90,4,,0,73,,5266,90,4,,0,73,,5274,90,4,,0,33,,5273,90,4,,0,73,,5271,90,4,,0,33,,5257,90,4,,0,68,,5272,90,4,,0
300,'a6a1e58d-53c4-44f8-9966-8649a3a2e257',633,,5284,90,4,,0,74,,5299,90,4,,0,32,,5305,90,4,,0,73,,5293,90,4,,0,33,,5295,90,4,,0,73,,5298,90,4,,0,33,,5290,90,4,,0,73,,5286,90,4,,0,33,,5300,90,4,,0,73,,5303,90,4,,0,73,,5288,90,4,,0,33,,5283,90,4,,0,73,,5307,90,4,,0,38,,5304,90,4,,0,75,,5294,90,4,,0,35,,5296,90,4,,0,75,,5291,90,4,,0,75,,5301,90,4,,0,35,,5287,90,4,,0,75,,5285,90,4,,0,35,,5277,90,4,,0,73,,5308,90,4,,0,32,,5302,90,4,,0,74,,5297,90,4,,0,73,,5279,90,4,,0,33,,5282,90,4,,0,73,,5292,90,4,,0,33,,5278,90,4,,0,73,,5306,90,4,,0,27,,5280,90,4,,0,65,,5289,90,4,,0,20,,5281,90,4,,0,30,,5309,90,4,,0
300,'cdcafeae-7da3-4ec3-beeb-64e1ab4dbc4b',812,,5310,90,4,,0,33,,5330,90,4,,0,73,,5323,90,4,,0,33,,5320,90,4,,0,73,,5314,90,4,,0,33,,5317,90,4,,0,73,,5325,90,4,,0,73,,5326,90,4,,0,33,,5332,90,4,,0,73,,5316,90,4,,0,33,,5335,90,4,,0,73,,5331,90,4,,0,33,,5336,90,4,,0,73,,5327,90,4,,0,33,,5324,90,4,,0,73,,5321,90,4,,0,73,,5329,90,4,,0,33,,5312,90,4,,0,73,,5311,90,4,,0,33,,5315,90,4,,0,68,,5322,90,4,,0,30,,5313,90,4,,0,73,,5319,90,4,,0,33,,5328,90,4,,0,73,,5318,90,4,,0,33,,5334,90,4,,0,73,,5333,90,4,,0
301,'312abbf0-fdea-4eb9-96c5-7a94145aceb2',715,,5338,0,,,0,33,,5358,0,,,0,73,,5352,0,,,0,33,,5340,0,,,0,73,,5355,0,,,0,73,,5342,0,,,0,33,,5359,0,,,0,73,,5357,0,,,0,33,,5343,0,,,0,73,,5337,0,,,0,34,,5350,0,,,0,75,,5354,0,,,0,35,,5364,0,,,0,75,,5356,0,,,0,75,,5344,0,,,0,35,,5348,0,,,0,75,,5347,0,,,0,35,,5339,0,,,0,75,,5345,0,,,0,74,,5367,0,,,0,34,,5351,0,,,0,73,,5365,0,,,0,33,,5366,0,,,0,73,,5363,0,,,0,33,,5361,0,,,0,73,,5353,0,,,0,33,,5349,0,,,0,73,,5346,0,,,0,20,,5360,0,,,0,70,,5362,0,,,0,25,,5341,0,,,0
301,'66e3ca25-c949-45bf-aa5b-2bde8ae66f69',748,,5380,0,,,0,73,,5386,0,,,0,33,,5377,0,,,0,73,,5368,0,,,0,73,,5378,0,,,0,33,,5371,0,,,0,73,,5385,0,,,0,33,,5383,0,,,0,73,,5388,0,,,0,33,,5373,0,,,0,73,,5379,0,,,0,33,,5372,0,,,0,73,,5369,0,,,0,33,,5381,0,,,0,73,,5376,0,,,0,73,,5375,0,,,0,33,,5370,0,,,0,73,,5384,0,,,0,33,,5387,0,,,0,73,,5374,0,,,0,25,,5382,0,,,0
301,'9ba31bfb-7050-4158-afae-0ffd0d63aa0c',748,,5409,0,,,0,73,,5389,0,,,0,33,,5406,0,,,0,73,,5405,0,,,0,73,,5391,0,,,0,33,,5400,0,,,0,73,,5393,0,,,0,33,,5401,0,,,0,73,,5397,0,,,0,33,,5390,0,,,0,73,,5402,0,,,0,33,,5399,0,,,0,73,,5408,0,,,0,33,,5394,0,,,0,73,,5395,0,,,0,73,,5396,0,,,0,33,,5404,0,,,0,73,,5392,0,,,0,33,,5407,0,,,0,73,,5398,0,,,0,25,,5403,0,,,0
301,'a6a1e58d-53c4-44f8-9966-8649a3a2e257',610,,5411,0,,,0,32,,5424,0,,,0,73,,5430,0,,,0,33,,5442,0,,,0,73,,5440,0,,,0,33,,5428,0,,,0,73,,5414,0,,,0,73,,5441,0,,,0,33,,5426,0,,,0,73,,5415,0,,,0,33,,5423,0,,,0,73,,5421,0,,,0,34,,5433,0,,,0,75,,5427,0,,,0,35,,5437,0,,,0,75,,5425,0,,,0,75,,5435,0,,,0,35,,5413,0,,,0,75,,5429,0,,,0,35,,5422,0,,,0,75,,5420,0,,,0,74,,5438,0,,,0,34,,5432,0,,,0,73,,5439,0,,,0,33,,5417,0,,,0,73,,5410,0,,,0,33,,5436,0,,,0,73,,5418,0,,,0,33,,5412,0,,,0,73,,5419,0,,,0,20,,5434,0,,,0,70,,5431,0,,,0,25,,5416,0,,,0
301,'cdcafeae-7da3-4ec3-beeb-64e1ab4dbc4b',748,,5459,0,,,0,73,,5447,0,,,0,33,,5455,0,,,0,73,,5462,0,,,0,73,,5468,0,,,0,33,,5446,0,,,0,73,,5465,0,,,0,33,,5449,0,,,0,73,,5452,0,,,0,33,,5451,0,,,0,73,,5456,0,,,0,33,,5454,0,,,0,73,,5464,0,,,0,33,,5448,0,,,0,73,,5461,0,,,0,73,,5458,0,,,0,33,,5444,0,,,0,73,,5469,0,,,0,33,,5445,0,,,0,73,,5457,0,,,0,25,,5460,0,,,0,73,,5467,0,,,0,33,,5450,0,,,0,73,,5470,0,,,0,33,,5466,0,,,0,73,,5443,0,,,0,33,,5453,0,,,0,73,,5463,0,,,0
400,'312abbf0-fdea-4eb9-96c5-7a94145aceb2',740,,5486,154,4,,0,72,,5496,154,4,,0,35,,5495,154,4,,0,71,,5492,154,4,,0,33,,5478,154,4,,0,73,,5479,154,4,,0,33,,5500,154,4,,0,73,,5475,154,4,,0,73,,5474,154,4,,0,33,,5471,154,4,,0,73,,5493,154,4,,0,33,,5481,154,4,,0,73,,5485,154,4,,0,37,,5488,154,4,,0,78,,5476,154,4,,0,76,,5487,154,4,,0,36,,5498,154,4,,0,75,,5484,154,4,,0,35,,5490,154,4,,0,71,,5501,154,4,,0,34,,5497,154,4,,0,75,,5499,154,4,,0,72,,5472,154,4,,0,32,,5483,154,4,,0,74,,5491,154,4,,0,33,,5489,154,4,,0,73,,5494,154,4,,0,24,,5473,154,4,,0,70,,5477,154,4,,0,25,,5502,154,4,,0,67,,5480,153,4,,0
400,'66e3ca25-c949-45bf-aa5b-2bde8ae66f69',847,,5520,154,4,,0,71,,5504,154,4,,0,33,,5514,154,4,,0,73,,5507,154,4,,0,33,,5511,154,4,,0,73,,5513,154,4,,0,73,,5522,154,4,,0,33,,5518,154,4,,0,73,,5506,154,4,,0,33,,5503,154,4,,0,73,,5519,154,4,,0,33,,5516,154,4,,0,73,,5508,154,4,,0,33,,5515,154,4,,0,73,,5505,154,4,,0,73,,5521,154,4,,0,33,,5517,154,4,,0,73,,5510,154,4,,0,33,,5509,154,4,,0,73,,5512,153,4,,0
400,'9ba31bfb-7050-4158-afae-0ffd0d63aa0c',847,,5536,154,4,,0,71,,5527,154,4,,0,33,,5531,154,4,,0,73,,5535,154,4,,0,33,,5529,154,4,,0,73,,5539,154,4,,0,73,,5541,154,4,,0,33,,5537,154,4,,0,73,,5543,154,4,,0,33,,5533,154,4,,0,73,,5538,154,4,,0,33,,5526,154,4,,0,73,,5534,154,4,,0,33,,5524,154,4,,0,73,,5528,154,4,,0,73,,5542,154,4,,0,33,,5540,154,4,,0,73,,5523,154,4,,0,33,,5532,154,4,,0,73,,5530,153,4,,0
400,'a6a1e58d-53c4-44f8-9966-8649a3a2e257',642,,5572,154,4,,0,65,,5561,154,4,,0,33,,5566,154,4,,0,72,,5553,154,4,,0,34,,5573,154,4,,0,72,,5578,154,4,,0,33,,5570,154,4,,0,73,,5544,154,4,,0,33,,5554,154,4,,0,73,,5571,154,4,,0,73,,5547,154,4,,0,33,,5558,154,4,,0,73,,5560,154,4,,0,33,,5559,154,4,,0,73,,5550,154,4,,0,37,,5562,154,4,,0,78,,5556,154,4,,0,76,,5557,154,4,,0,36,,5549,154,4,,0,75,,5567,154,4,,0,35,,5564,154,4,,0,71,,5569,154,4,,0,34,,5552,154,4,,0,75,,5555,154,4,,0,72,,5574,154,4,,0,32,,5565,154,4,,0,74,,5563,154,4,,0,33,,5577,154,4,,0,73,,5548,154,4,,0,24,,5576,154,4,,0,70,,5568,154,4,,0,25,,5546,154,4,,0,67,,5551,153,4,,0
400,'cdcafeae-7da3-4ec3-beeb-64e1ab4dbc4b',847,,5579,154,4,,0,71,,5602,154,4,,0,33,,5601,154,4,,0,73,,5585,154,4,,0,33,,5589,154,4,,0,73,,5605,154,4,,0,73,,5581,154,4,,0,33,,5604,154,4,,0,73,,5597,154,4,,0,33,,5592,154,4,,0,73,,5594,154,4,,0,33,,5603,154,4,,0,73,,5600,154,4,,0,33,,5590,154,4,,0,73,,5595,154,4,,0,73,,5598,154,4,,0,33,,5587,154,4,,0,73,,5583,154,4,,0,33,,5582,154,4,,0,73,,5606,154,4,,0,33,,5591,154,4,,0,73,,5596,154,4,,0,28,,5584,154,4,,0,70,,5586,154,4,,0,33,,5599,154,4,,0,73,,5607,154,4,,0
401,'312abbf0-fdea-4eb9-96c5-7a94145aceb2',710,,5614,0,,,0,32,,5633,0,,,0,73,,5629,0,,,0,33,,5636,0,,,0,73,,5637,0,,,0,33,,5621,0,,,0,73,,5627,0,,,0,73,,5610,0,,,0,33,,5609,0,,,0,73,,5640,0,,,0,33,,5634,0,,,0,74,,5639,0,,,0,38,,5615,0,,,0,75,,5638,0,,,0,75,,5635,0,,,0,35,,5616,0,,,0,75,,5626,0,,,0,35,,5631,0,,,0,75,,5617,0,,,0,35,,5625,0,,,0,72,,5619,0,,,0,72,,5632,0,,,0,34,,5613,0,,,0,73,,5622,0,,,0,33,,5618,0,,,0,73,,5608,0,,,0,33,,5611,0,,,0,73,,5628,0,,,0,27,,5623,0,,,0,65,,5630,0,,,0,19,,5624,0,,,0
401,'66e3ca25-c949-45bf-aa5b-2bde8ae66f69',815,,5655,0,,,0,33,,5659,0,,,0,73,,5642,0,,,0,33,,5661,0,,,0,73,,5650,0,,,0,73,,5649,0,,,0,33,,5654,0,,,0,73,,5651,0,,,0,33,,5644,0,,,0,73,,5643,0,,,0,33,,5652,0,,,0,73,,5647,0,,,0,33,,5645,0,,,0,73,,5658,0,,,0,33,,5656,0,,,0,73,,5657,0,,,0,73,,5660,0,,,0,33,,5641,0,,,0,73,,5648,0,,,0,33,,5653,0,,,0
401,'9ba31bfb-7050-4158-afae-0ffd0d63aa0c',815,,5671,0,,,0,33,,5684,0,,,0,73,,5664,0,,,0,33,,5674,0,,,0,73,,5672,0,,,0,73,,5677,0,,,0,33,,5680,0,,,0,73,,5683,0,,,0,33,,5667,0,,,0,73,,5669,0,,,0,33,,5663,0,,,0,73,,5675,0,,,0,33,,5679,0,,,0,73,,5665,0,,,0,33,,5682,0,,,0,73,,5676,0,,,0,73,,5666,0,,,0,33,,5670,0,,,0,73,,5681,0,,,0,33,,5678,0,,,0
401,'a6a1e58d-53c4-44f8-9966-8649a3a2e257',605,,5707,0,,,0,31,,5696,0,,,0,74,,5688,0,,,0,32,,5702,0,,,0,73,,5693,0,,,0,33,,5712,0,,,0,73,,5699,0,,,0,33,,5686,0,,,0,73,,5697,0,,,0,73,,5713,0,,,0,33,,5715,0,,,0,73,,5706,0,,,0,33,,5687,0,,,0,74,,5685,0,,,0,38,,5689,0,,,0,75,,5704,0,,,0,75,,5705,0,,,0,35,,5708,0,,,0,75,,5701,0,,,0,35,,5700,0,,,0,75,,5694,0,,,0,35,,5716,0,,,0,72,,5692,0,,,0,72,,5710,0,,,0,34,,5690,0,,,0,73,,5703,0,,,0,33,,5717,0,,,0,73,,5698,0,,,0,33,,5709,0,,,0,73,,5695,0,,,0,27,,5711,0,,,0,65,,5691,0,,,0,19,,5714,0,,,0
401,'cdcafeae-7da3-4ec3-beeb-64e1ab4dbc4b',815,,5745,0,,,0,33,,5729,0,,,0,73,,5736,0,,,0,33,,5746,0,,,0,73,,5726,0,,,0,73,,5721,0,,,0,33,,5743,0,,,0,73,,5731,0,,,0,33,,5741,0,,,0,73,,5728,0,,,0,33,,5718,0,,,0,73,,5739,0,,,0,33,,5734,0,,,0,73,,5719,0,,,0,33,,5724,0,,,0,73,,5738,0,,,0,73,,5725,0,,,0,33,,5722,0,,,0,73,,5733,0,,,0,33,,5720,0,,,0,68,,5740,0,,,0,30,,5744,0,,,0,73,,5735,0,,,0,33,,5730,0,,,0,73,,5723,0,,,0,33,,5742,0,,,0,73,,5727,0,,,0
