100,'8121286b-fd49-4716-b922-42f8d7dc989c',837,,3269,170,,,0,73,,3279,170,,,0,33,,3268,170,,,0,73,,3286,170,,,0,33,,3280,170,,,0,73,,3274,170,,,0,33,,3272,170,,,0,73,,3277,170,,,0,73,,3288,170,,,0,33,,3271,170,,,0,73,,3285,170,,,0,33,,3287,170,,,0,73,,3284,170,,,0,33,,3273,170,,,0,73,,3282,170,,,0,33,,3276,170,,,0,73,,3278,170,,,0,33,,3275,170,,,0,73,,3281,170,,,0,73,,3283,179,,,0
100,'b3648ede-5954-434f-9b9d-d5f08e1e70ad',837,,3291,170,,,0,73,,3296,170,,,0,33,,3305,170,,,0,73,,3303,170,,,0,33,,3308,170,,,0,73,,3300,170,,,0,33,,3294,170,,,0,73,,3311,170,,,0,73,,3297,170,,,0,33,,3295,170,,,0,73,,3306,170,,,0,33,,3298,170,,,0,73,,3302,170,,,0,33,,3292,170,,,0,73,,3293,170,,,0,33,,3310,170,,,0,73,,3304,170,,,0,33,,3299,170,,,0,73,,3290,170,,,0,73,,3301,179,,,0
100,'c48e9871-c7da-4ae0-bf7c-b3496ea4ba29',731,,3338,170,,,0,73,,3325,170,,,0,33,,3342,170,,,0,73,,3344,170,,,0,33,,3333,170,,,0,73,,3330,170,,,0,33,,3323,170,,,0,73,,3334,170,,,0,33,,3320,170,,,0,73,,3328,170,,,0,73,,3329,170,,,0,33,,3317,170,,,0,73,,3337,170,,,0,33,,3312,170,,,0,73,,3324,170,,,0,33,,3321,170,,,0,73,,3315,170,,,0,33,,3341,170,,,0,73,,3331,170,,,0,33,,3335,170,,,0,73,,3326,170,,,0,73,,3319,170,,,0,33,,3314,170,,,0,73,,3313,170,,,0,33,,3343,170,,,0,73,,3339,170,,,0,33,,3322,170,,,0,73,,3340,170,,,0,33,,3316,170,,,0,70,,3318,170,,,0,30,,3332,179,,,0
100,'d7cebbf2-c439-48e5-af23-2183cbefe818',634,,3352,170,,,0,68,,3356,170,,,0,29,,3372,170,,,0,73,,3374,170,,,0,33,,3371,170,,,0,73,,3354,170,,,0,33,,3347,170,,,0,73,,3360,170,,,0,33,,3376,170,,,0,73,,3373,170,,,0,33,,3350,170,,,0,73,,3357,170,,,0,73,,3346,170,,,0,33,,3358,170,,,0,73,,3378,170,,,0,33,,3368,170,,,0,73,,3351,170,,,0,33,,3359,170,,,0,73,,3370,170,,,0,33,,3355,170,,,0,73,,3366,170,,,0,33,,3367,170,,,0,73,,3345,170,,,0,73,,3361,170,,,0,33,,3379,170,,,0,73,,3349,170,,,0,33,,3365,170,,,0,73,,3363,170,,,0,33,,3369,170,,,0,73,,3362,170,,,0,33,,3377,170,,,0,70,,3348,170,,,0,30,,3364,179,,,0
301,'8121286b-fd49-4716-b922-42f8d7dc989c',810,,3840,63,,,0,33,,3823,63,,,0,73,,3833,63,,,0,33,,3831,63,,,0,73,,3839,63,,,0,33,,3832,63,,,0,73,,3822,63,,,0,73,,3837,63,,,0,33,,3820,63,,,0,73,,3830,63,,,0,33,,3821,63,,,0,73,,3825,63,,,0,33,,3835,63,,,0,73,,3836,63,,,0,33,,3834,63,,,0,73,,3827,63,,,0,33,,3826,63,,,0,73,,3829,63,,,0,73,,3824,63,,,0,33,,3828,63,,,0,65,,3838,63,,,0
301,'b3648ede-5954-434f-9b9d-d5f08e1e70ad',810,,3860,63,,,0,33,,3851,63,,,0,73,,3858,63,,,0,33,,3854,63,,,0,73,,3846,63,,,0,33,,3845,63,,,0,73,,3852,63,,,0,73,,3847,63,,,0,33,,3850,63,,,0,73,,3859,63,,,0,33,,3861,63,,,0,73,,3853,63,,,0,33,,3843,63,,,0,73,,3848,63,,,0,33,,3844,63,,,0,73,,3857,63,,,0,33,,3856,63,,,0,73,,3849,63,,,0,73,,3841,63,,,0,33,,3855,63,,,0,65,,3842,63,,,0
301,'c48e9871-c7da-4ae0-bf7c-b3496ea4ba29',737,,3877,63,,,0,73,,3887,63,,,0,33,,3889,63,,,0,73,,3876,63,,,0,33,,3863,63,,,0,73,,3891,63,,,0,33,,3862,63,,,0,73,,3885,63,,,0,73,,3867,63,,,0,33,,3864,63,,,0,73,,3865,63,,,0,33,,3890,63,,,0,73,,3869,63,,,0,33,,3875,63,,,0,73,,3874,63,,,0,33,,3878,63,,,0,73,,3872,63,,,0,33,,3879,63,,,0,73,,3881,63,,,0,73,,3866,63,,,0,33,,3888,63,,,0,73,,3886,63,,,0,33,,3883,63,,,0,73,,3892,63,,,0,33,,3870,63,,,0,73,,3873,63,,,0,33,,3871,63,,,0,73,,3880,63,,,0,30,,3868,63,,,0,70,,3882,63,,,0,30,,3884,63,,,0
301,'d7cebbf2-c439-48e5-af23-2183cbefe818',632,,3918,63,,,0,72,,3896,63,,,0,33,,3924,63,,,0,73,,3895,63,,,0,33,,3907,63,,,0,73,,3894,63,,,0,33,,3912,63,,,0,73,,3922,63,,,0,33,,3900,63,,,0,73,,3925,63,,,0,73,,3913,63,,,0,33,,3908,63,,,0,73,,3893,63,,,0,33,,3906,63,,,0,73,,3923,63,,,0,33,,3921,63,,,0,73,,3911,63,,,0,33,,3916,63,,,0,73,,3917,63,,,0,33,,3902,63,,,0,73,,3897,63,,,0,73,,3899,63,,,0,33,,3901,63,,,0,73,,3920,63,,,0,33,,3909,63,,,0,73,,3919,63,,,0,33,,3910,63,,,0,73,,3903,63,,,0,33,,3914,63,,,0,73,,3904,63,,,0,30,,3915,63,,,0,70,,3898,63,,,0,30,,3905,63,,,0
1006000,'d7cebbf2-c439-48e5-af23-2183cbefe818',644,,4433,8,,,0,95,,4435,8,,,0,100,,4443,8,,,0,100,,4438,8,,,0,100,,4434,8,,,0,100,,4440,8,,,0,100,,4439,8,,,0,100,,4442,8,,,0,100,,4441,8,,,0,100,,4437,8,,,0,100,,4432,8,,,0,100,,4444,8,,,0,100,,4436,8,,,0
1006101,'d7cebbf2-c439-48e5-af23-2183cbefe818',620,,4492,46,,,0,80,,4478,46,,,0,45,,4479,46,,,0,85,,4487,46,,,0,85,,4484,46,,,0,85,,4485,46,,,0,45,,4480,46,,,0,85,,4486,46,,,0,85,,4490,46,,,0,85,,4489,46,,,0,45,,4481,46,,,0,85,,4488,46,,,0,85,,4482,46,,,0,85,,4476,46,,,0,45,,4475,46,,,0,85,,4491,46,,,0,85,,4477,46,,,0,85,,4483,46,,,0
2006001,'d7cebbf2-c439-48e5-af23-2183cbefe818',641,,4508,89,,,0,93,,4510,89,,,0,100,,4509,89,,,0,100,,4514,89,,,0,100,,4511,89,,,0,100,,4513,89,,,0,100,,4512,89,,,0,100,,4518,89,,,0,100,,4516,89,,,0,100,,4506,89,,,0,100,,4517,89,,,0,100,,4515,89,,,0,100,,4507,89,,,0
3006001,'8121286b-fd49-4716-b922-42f8d7dc989c',836,,4613,96,,,0,85,,4617,96,,,0,85,,4622,96,,,0,45,,4618,96,,,0,85,,4623,96,,,0,85,,4620,96,,,0,85,,4625,96,,,0,45,,4619,96,,,0,85,,4624,96,,,0,85,,4616,96,,,0,85,,4614,96,,,0,45,,4612,96,,,0,85,,4621,96,,,0,85,,4615,96,,,0
3006001,'b3648ede-5954-434f-9b9d-d5f08e1e70ad',836,,4636,96,,,0,85,,4631,96,,,0,85,,4630,96,,,0,45,,4627,96,,,0,85,,4628,96,,,0,85,,4626,96,,,0,85,,4639,96,,,0,45,,4635,96,,,0,85,,4629,96,,,0,85,,4632,96,,,0,85,,4637,96,,,0,45,,4633,96,,,0,85,,4634,96,,,0,85,,4638,96,,,0
3006001,'c48e9871-c7da-4ae0-bf7c-b3496ea4ba29',736,,4647,96,,,0,85,,4641,96,,,0,85,,4642,96,,,0,45,,4661,96,,,0,85,,4653,96,,,0,85,,4643,96,,,0,85,,4659,96,,,0,45,,4655,96,,,0,85,,4650,96,,,0,85,,4649,96,,,0,85,,4656,96,,,0,45,,4646,96,,,0,85,,4658,96,,,0,85,,4651,96,,,0,85,,4644,96,,,0,45,,4652,96,,,0,85,,4660,96,,,0,85,,4648,96,,,0,85,,4654,96,,,0,45,,4657,96,,,0,85,,4645,96,,,0,85,,4640,96,,,0
3006001,'d7cebbf2-c439-48e5-af23-2183cbefe818',1936,,4667,96,,,0,85,,4666,96,,,0,85,,4663,96,,,0,45,,4665,96,,,0,85,,4662,96,,,0,85,,4664,96,,,0
