201,'312abbf0-fdea-4eb9-96c5-7a94145aceb2',706,,5074,48,,,0,33,,5084,48,,,0,73,,5090,48,,,0,33,,5096,48,,,0,73,,5091,48,,,0,33,,5102,48,,,0,73,,5081,48,,,0,33,,5095,48,,,0,73,,5103,48,,,0,73,,5086,48,,,0,33,,5080,48,,,0,75,,5087,48,,,0,35,,5085,48,,,0,75,,5075,48,,,0,35,,5079,48,,,0,75,,5077,48,,,0,75,,5078,48,,,0,35,,5099,48,,,0,75,,5101,48,,,0,33,,5088,48,,,0,73,,5097,48,,,0,33,,5083,48,,,0,73,,5098,48,,,0,73,,5082,48,,,0,33,,5076,48,,,0,73,,5093,48,,,0,33,,5100,48,,,0,70,,5104,48,,,0,30,,5073,48,,,0,70,,5089,48,,,0,25,,5092,48,,,0
201,'66e3ca25-c949-45bf-aa5b-2bde8ae66f69',812,,5110,48,,,0,33,,5123,48,,,0,73,,5109,48,,,0,33,,5116,48,,,0,73,,5120,48,,,0,33,,5122,48,,,0,73,,5121,48,,,0,73,,5114,48,,,0,33,,5115,48,,,0,73,,5105,48,,,0,33,,5107,48,,,0,73,,5111,48,,,0,33,,5124,48,,,0,73,,5119,48,,,0,33,,5118,48,,,0,73,,5108,48,,,0,73,,5113,48,,,0,33,,5112,48,,,0,73,,5117,48,,,0,33,,5106,48,,,0
201,'9ba31bfb-7050-4158-afae-0ffd0d63aa0c',812,,5136,48,,,0,33,,5134,48,,,0,73,,5135,48,,,0,33,,5139,48,,,0,73,,5138,48,,,0,33,,5126,48,,,0,73,,5125,48,,,0,73,,5128,48,,,0,33,,5143,48,,,0,73,,5144,48,,,0,33,,5131,48,,,0,73,,5133,48,,,0,33,,5145,48,,,0,73,,5130,48,,,0,33,,5146,48,,,0,73,,5127,48,,,0,73,,5141,48,,,0,33,,5132,48,,,0,73,,5129,48,,,0,33,,5137,48,,,0
201,'a6a1e58d-53c4-44f8-9966-8649a3a2e257',600,,5156,48,,,0,33,,5169,48,,,0,73,,5158,48,,,0,33,,5164,48,,,0,73,,5147,48,,,0,33,,5173,48,,,0,73,,5171,48,,,0,33,,5160,48,,,0,73,,5177,48,,,0,33,,5172,48,,,0,73,,5162,48,,,0,73,,5153,48,,,0,33,,5181,48,,,0,75,,5165,48,,,0,35,,5150,48,,,0,75,,5166,48,,,0,35,,5178,48,,,0,75,,5155,48,,,0,75,,5154,48,,,0,35,,5148,48,,,0,75,,5152,48,,,0,33,,5179,48,,,0,73,,5168,48,,,0,33,,5159,48,,,0,73,,5157,48,,,0,73,,5161,48,,,0,33,,5175,48,,,0,73,,5170,48,,,0,33,,5180,48,,,0,70,,5149,48,,,0,30,,5163,48,,,0,70,,5176,48,,,0,25,,5151,48,,,0
201,'cdcafeae-7da3-4ec3-beeb-64e1ab4dbc4b',812,,5194,48,,,0,33,,5186,48,,,0,73,,5191,48,,,0,33,,5183,48,,,0,73,,5187,48,,,0,33,,5193,48,,,0,73,,5190,48,,,0,73,,5201,48,,,0,33,,5199,48,,,0,73,,5185,48,,,0,33,,5192,48,,,0,73,,5189,48,,,0,33,,5184,48,,,0,73,,5182,48,,,0,33,,5202,48,,,0,73,,5203,48,,,0,73,,5188,48,,,0,33,,5196,48,,,0,73,,5197,48,,,0,33,,5200,48,,,0
300,'312abbf0-fdea-4eb9-96c5-7a94145aceb2',726,,5217,51,,,0,33,,5229,51,,,0,73,,5227,51,,,0,73,,5215,51,,,0,33,,5209,51,,,0,73,,5216,51,,,0,33,,5222,51,,,0,73,,5230,51,,,0,33,,5220,51,,,0,73,,5212,51,,,0,33,,5208,51,,,0,77,,5226,51,,,0,75,,5204,51,,,0,35,,5223,51,,,0,75,,5224,51,,,0,35,,5231,51,,,0,75,,5210,51,,,0,75,,5232,51,,,0,35,,5211,51,,,0,74,,5205,51,,,0,32,,5207,51,,,0,74,,5219,51,,,0,33,,5233,51,,,0,73,,5221,51,,,0,33,,5234,51,,,0,73,,5206,51,,,0,73,,5213,51,,,0,31,,5218,51,,,0,25,,5214,51,,,0,60,,5225,51,,,0,30,,5228,51,,,0
300,'66e3ca25-c949-45bf-aa5b-2bde8ae66f69',759,,5238,51,,,0,73,,5254,51,,,0,73,,5240,51,,,0,33,,5239,51,,,0,73,,5245,51,,,0,33,,5253,51,,,0,73,,5248,51,,,0,33,,5246,51,,,0,73,,5236,51,,,0,33,,5243,51,,,0,73,,5249,51,,,0,73,,5247,51,,,0,33,,5242,51,,,0,73,,5237,51,,,0,33,,5241,51,,,0,73,,5250,51,,,0,33,,5244,51,,,0,73,,5252,51,,,0,33,,5255,51,,,0,73,,5251,51,,,0,28,,5235,51,,,0
300,'9ba31bfb-7050-4158-afae-0ffd0d63aa0c',759,,5264,51,,,0,73,,5268,51,,,0,73,,5270,51,,,0,33,,5256,51,,,0,73,,5263,51,,,0,33,,5275,51,,,0,73,,5260,51,,,0,33,,5276,51,,,0,73,,5261,51,,,0,33,,5259,51,,,0,73,,5258,51,,,0,73,,5269,51,,,0,33,,5265,51,,,0,73,,5267,51,,,0,33,,5262,51,,,0,73,,5266,51,,,0,33,,5274,51,,,0,73,,5273,51,,,0,33,,5271,51,,,0,73,,5257,51,,,0,28,,5272,51,,,0
300,'a6a1e58d-53c4-44f8-9966-8649a3a2e257',620,,5284,51,,,0,34,,5299,51,,,0,72,,5305,51,,,0,33,,5293,51,,,0,73,,5295,51,,,0,73,,5298,51,,,0,33,,5290,51,,,0,73,,5286,51,,,0,33,,5300,51,,,0,73,,5303,51,,,0,33,,5288,51,,,0,73,,5283,51,,,0,33,,5307,51,,,0,77,,5304,51,,,0,75,,5294,51,,,0,35,,5296,51,,,0,75,,5291,51,,,0,35,,5301,51,,,0,75,,5287,51,,,0,75,,5285,51,,,0,35,,5277,51,,,0,74,,5308,51,,,0,32,,5302,51,,,0,74,,5297,51,,,0,33,,5279,51,,,0,73,,5282,51,,,0,33,,5292,51,,,0,73,,5278,51,,,0,73,,5306,51,,,0,31,,5280,51,,,0,25,,5289,51,,,0,60,,5281,51,,,0,30,,5309,51,,,0
300,'cdcafeae-7da3-4ec3-beeb-64e1ab4dbc4b',759,,5310,51,,,0,73,,5330,51,,,0,73,,5323,51,,,0,33,,5320,51,,,0,73,,5314,51,,,0,33,,5317,51,,,0,73,,5325,51,,,0,33,,5326,51,,,0,73,,5332,51,,,0,33,,5316,51,,,0,73,,5335,51,,,0,73,,5331,51,,,0,33,,5336,51,,,0,73,,5327,51,,,0,33,,5324,51,,,0,73,,5321,51,,,0,33,,5329,51,,,0,73,,5312,51,,,0,33,,5311,51,,,0,73,,5315,51,,,0,28,,5322,51,,,0,70,,5313,51,,,0,33,,5319,51,,,0,73,,5328,51,,,0,73,,5318,51,,,0,33,,5334,51,,,0,73,,5333,51,,,0
6201,'a6a1e58d-53c4-44f8-9966-8649a3a2e257',659,,6033,17,,,0,75,,6027,17,,,0,80,,6032,17,,,0,40,,6023,17,,,0,80,,6029,17,,,0,80,,6014,17,,,0,40,,6019,17,,,0,80,,6026,17,,,0,80,,6025,17,,,0,40,,6017,17,,,0,80,,6018,17,,,0,80,,6034,17,,,0,40,,6016,17,,,0,80,,6022,17,,,0,80,,6035,17,,,0,40,,6015,17,,,0,80,,6024,17,,,0,80,,6012,17,,,0,40,,6031,17,,,0,80,,6013,17,,,0,80,,6030,17,,,0,40,,6021,17,,,0,75,,6028,17,,,0,75,,6020,17,,,0
