100,'8121286b-fd49-4716-b922-42f8d7dc989c',809,,3269,42,,,0,33,,3279,42,,,0,73,,3268,42,,,0,33,,3286,42,,,0,73,,3280,42,,,0,33,,3274,42,,,0,73,,3272,42,,,0,73,,3277,42,,,0,33,,3288,42,,,0,73,,3271,42,,,0,33,,3285,42,,,0,73,,3287,42,,,0,33,,3284,42,,,0,73,,3273,42,,,0,33,,3282,42,,,0,73,,3276,42,,,0,33,,3278,42,,,0,73,,3275,42,,,0,73,,3281,42,,,0,33,,3283,49,,,0,65,,3270,49,,,0
100,'b3648ede-5954-434f-9b9d-d5f08e1e70ad',809,,3291,42,,,0,33,,3296,42,,,0,73,,3305,42,,,0,33,,3303,42,,,0,73,,3308,42,,,0,33,,3300,42,,,0,73,,3294,42,,,0,73,,3311,42,,,0,33,,3297,42,,,0,73,,3309,42,,,0,33,,3307,42,,,0,73,,3298,42,,,0,33,,3302,42,,,0,73,,3292,42,,,0,33,,3293,42,,,0,73,,3310,42,,,0,33,,3304,42,,,0,73,,3299,42,,,0,73,,3290,42,,,0,33,,3301,49,,,0,65,,3289,49,,,0
100,'c48e9871-c7da-4ae0-bf7c-b3496ea4ba29',703,,3338,42,,,0,33,,3325,42,,,0,73,,3342,42,,,0,33,,3344,42,,,0,73,,3333,42,,,0,33,,3330,42,,,0,73,,3323,42,,,0,33,,3334,42,,,0,73,,3320,42,,,0,73,,3328,42,,,0,33,,3329,42,,,0,73,,3317,42,,,0,33,,3337,42,,,0,73,,3312,42,,,0,33,,3324,42,,,0,73,,3327,42,,,0,33,,3315,42,,,0,73,,3341,42,,,0,33,,3331,42,,,0,73,,3335,42,,,0,73,,3326,42,,,0,33,,3319,42,,,0,73,,3314,42,,,0,33,,3313,42,,,0,73,,3343,42,,,0,33,,3339,42,,,0,73,,3322,42,,,0,33,,3340,42,,,0,73,,3316,42,,,0,30,,3318,42,,,0,70,,3332,49,,,0,23,,3336,49,,,0
100,'d7cebbf2-c439-48e5-af23-2183cbefe818',606,,3352,42,,,0,28,,3356,42,,,0,69,,3372,42,,,0,33,,3374,42,,,0,73,,3371,42,,,0,33,,3354,42,,,0,73,,3347,42,,,0,33,,3360,42,,,0,73,,3376,42,,,0,33,,3373,42,,,0,73,,3350,42,,,0,73,,3357,42,,,0,33,,3346,42,,,0,73,,3358,42,,,0,33,,3378,42,,,0,73,,3368,42,,,0,33,,3351,42,,,0,73,,3359,42,,,0,33,,3353,42,,,0,73,,3355,42,,,0,33,,3366,42,,,0,73,,3367,42,,,0,73,,3345,42,,,0,33,,3361,42,,,0,73,,3379,42,,,0,33,,3349,42,,,0,73,,3365,42,,,0,33,,3363,42,,,0,73,,3369,42,,,0,33,,3362,42,,,0,73,,3377,42,,,0,30,,3348,42,,,0,70,,3364,49,,,0,23,,3375,49,,,0
101,'8121286b-fd49-4716-b922-42f8d7dc989c',818,,3393,134,,,0,33,,3383,134,,,0,73,,3387,134,,,0,33,,3395,134,,,0,73,,3392,134,,,0,73,,3400,134,,,0,33,,3380,134,,,0,73,,3396,134,,,0,33,,3397,134,,,0,73,,3385,134,,,0,33,,3389,134,,,0,73,,3390,134,,,0,33,,3391,134,,,0,73,,3381,134,,,0,73,,3384,134,,,0,33,,3401,134,,,0,73,,3386,134,,,0,33,,3399,134,,,0,73,,3382,134,,,0,33,,3398,134,,,0
101,'b3648ede-5954-434f-9b9d-d5f08e1e70ad',818,,3411,134,,,0,33,,3408,134,,,0,73,,3402,134,,,0,33,,3421,134,,,0,73,,3414,134,,,0,73,,3422,134,,,0,33,,3415,134,,,0,73,,3403,134,,,0,33,,3410,134,,,0,73,,3418,134,,,0,33,,3420,134,,,0,73,,3412,134,,,0,33,,3404,134,,,0,73,,3407,134,,,0,73,,3405,134,,,0,33,,3416,134,,,0,73,,3409,134,,,0,33,,3423,134,,,0,73,,3413,134,,,0,33,,3419,134,,,0
101,'c48e9871-c7da-4ae0-bf7c-b3496ea4ba29',712,,3426,134,,,0,33,,3433,134,,,0,73,,3435,134,,,0,33,,3446,134,,,0,73,,3437,134,,,0,33,,3443,134,,,0,73,,3449,134,,,0,73,,3438,134,,,0,33,,3434,134,,,0,73,,3453,134,,,0,33,,3427,134,,,0,73,,3424,134,,,0,33,,3444,134,,,0,73,,3454,134,,,0,33,,3456,134,,,0,73,,3425,134,,,0,73,,3436,134,,,0,33,,3440,134,,,0,73,,3429,134,,,0,33,,3430,134,,,0,73,,3448,134,,,0,33,,3445,134,,,0,73,,3451,134,,,0,33,,3442,134,,,0,73,,3439,134,,,0,33,,3457,134,,,0,73,,3447,134,,,0,73,,3432,134,,,0,33,,3441,134,,,0,70,,3431,134,,,0,30,,3455,134,,,0
101,'d7cebbf2-c439-48e5-af23-2183cbefe818',610,,3469,134,,,0,29,,3458,134,,,0,73,,3478,134,,,0,33,,3488,134,,,0,73,,3472,134,,,0,33,,3484,134,,,0,73,,3483,134,,,0,33,,3474,134,,,0,73,,3468,134,,,0,73,,3470,134,,,0,33,,3482,134,,,0,73,,3477,134,,,0,33,,3485,134,,,0,73,,3466,134,,,0,33,,3465,134,,,0,73,,3463,134,,,0,33,,3475,134,,,0,73,,3459,134,,,0,73,,3489,134,,,0,33,,3467,134,,,0,73,,3491,134,,,0,33,,3461,134,,,0,73,,3479,134,,,0,33,,3481,134,,,0,73,,3471,134,,,0,33,,3487,134,,,0,73,,3480,134,,,0,33,,3473,134,,,0,73,,3486,134,,,0,73,,3460,134,,,0,33,,3490,134,,,0,70,,3464,134,,,0,30,,3476,134,,,0
200,'8121286b-fd49-4716-b922-42f8d7dc989c',825,,3511,46,,,0,33,,3493,46,,,0,73,,3503,46,,,0,73,,3495,46,,,0,33,,3504,46,,,0,73,,3501,46,,,0,33,,3505,46,,,0,73,,3509,46,,,0,33,,3500,46,,,0,73,,3499,46,,,0,33,,3502,46,,,0,73,,3507,46,,,0,73,,3492,46,,,0,33,,3496,46,,,0,73,,3498,46,,,0,33,,3510,46,,,0,73,,3506,46,,,0,33,,3513,46,,,0,73,,3494,46,,,0,28,,3512,46,,,0
200,'b3648ede-5954-434f-9b9d-d5f08e1e70ad',825,,3530,46,,,0,33,,3523,46,,,0,73,,3520,46,,,0,73,,3525,46,,,0,33,,3528,46,,,0,73,,3532,46,,,0,33,,3531,46,,,0,73,,3535,46,,,0,33,,3534,46,,,0,73,,3522,46,,,0,33,,3519,46,,,0,73,,3524,46,,,0,73,,3518,46,,,0,33,,3529,46,,,0,73,,3533,46,,,0,33,,3516,46,,,0,73,,3515,46,,,0,33,,3526,46,,,0,73,,3527,46,,,0,28,,3521,46,,,0
200,'c48e9871-c7da-4ae0-bf7c-b3496ea4ba29',719,,3565,46,,,0,33,,3551,46,,,0,73,,3562,46,,,0,33,,3538,46,,,0,73,,3547,46,,,0,73,,3555,46,,,0,33,,3545,46,,,0,73,,3544,46,,,0,33,,3542,46,,,0,73,,3536,46,,,0,33,,3540,46,,,0,73,,3568,46,,,0,33,,3553,46,,,0,73,,3564,46,,,0,73,,3539,46,,,0,33,,3569,46,,,0,73,,3561,46,,,0,33,,3557,46,,,0,73,,3560,46,,,0,33,,3552,46,,,0,73,,3548,46,,,0,33,,3559,46,,,0,73,,3550,46,,,0,33,,3563,46,,,0,73,,3566,46,,,0,73,,3558,46,,,0,33,,3543,46,,,0,73,,3567,46,,,0,33,,3549,46,,,0,70,,3541,46,,,0,23,,3556,46,,,0
200,'d7cebbf2-c439-48e5-af23-2183cbefe818',613,,3580,46,,,0,33,,3599,46,,,0,73,,3596,46,,,0,33,,3571,46,,,0,73,,3603,46,,,0,33,,3572,46,,,0,73,,3604,46,,,0,73,,3570,46,,,0,33,,3581,46,,,0,73,,3602,46,,,0,33,,3589,46,,,0,73,,3578,46,,,0,33,,3575,46,,,0,73,,3579,46,,,0,33,,3600,46,,,0,73,,3587,46,,,0,73,,3573,46,,,0,33,,3594,46,,,0,73,,3595,46,,,0,33,,3582,46,,,0,73,,3593,46,,,0,33,,3574,46,,,0,73,,3598,46,,,0,33,,3601,46,,,0,73,,3592,46,,,0,33,,3597,46,,,0,73,,3590,46,,,0,73,,3591,46,,,0,33,,3585,46,,,0,73,,3576,46,,,0,33,,3583,46,,,0,70,,3577,46,,,0,23,,3586,46,,,0
201,'8121286b-fd49-4716-b922-42f8d7dc989c',835,,3611,172,,,0,73,,3617,172,,,0,33,,3622,172,,,0,73,,3609,172,,,0,33,,3608,172,,,0,73,,3612,172,,,0,33,,3615,172,,,0,73,,3605,172,,,0,33,,3618,172,,,0,73,,3610,172,,,0,73,,3614,172,,,0,33,,3624,172,,,0,73,,3621,172,,,0,33,,3619,172,,,0,73,,3607,172,,,0,33,,3616,172,,,0,73,,3606,172,,,0,33,,3613,172,,,0,73,,3620,172,,,0,73,,3623,172,,,0
201,'b3648ede-5954-434f-9b9d-d5f08e1e70ad',835,,3631,172,,,0,73,,3645,172,,,0,33,,3635,172,,,0,73,,3633,172,,,0,33,,3627,172,,,0,73,,3634,172,,,0,33,,3640,172,,,0,73,,3632,172,,,0,33,,3646,172,,,0,73,,3630,172,,,0,73,,3642,172,,,0,33,,3638,172,,,0,73,,3637,172,,,0,33,,3639,172,,,0,73,,3629,172,,,0,33,,3626,172,,,0,73,,3643,172,,,0,33,,3625,172,,,0,73,,3644,172,,,0,73,,3641,172,,,0
201,'c48e9871-c7da-4ae0-bf7c-b3496ea4ba29',729,,3663,172,,,0,73,,3649,172,,,0,33,,3660,172,,,0,73,,3666,172,,,0,33,,3652,172,,,0,73,,3667,172,,,0,33,,3677,172,,,0,73,,3650,172,,,0,33,,3647,172,,,0,73,,3675,172,,,0,33,,3661,172,,,0,73,,3672,172,,,0,73,,3653,172,,,0,33,,3670,172,,,0,73,,3658,172,,,0,33,,3655,172,,,0,73,,3662,172,,,0,33,,3671,172,,,0,73,,3678,172,,,0,33,,3651,172,,,0,73,,3674,172,,,0,73,,3676,172,,,0,33,,3654,172,,,0,73,,3673,172,,,0,33,,3657,172,,,0,73,,3669,172,,,0,33,,3668,172,,,0,73,,3659,172,,,0,30,,3656,172,,,0,70,,3665,172,,,0,32,,3664,172,,,0
201,'d7cebbf2-c439-48e5-af23-2183cbefe818',623,,3695,172,,,0,33,,3682,172,,,0,73,,3710,172,,,0,73,,3679,172,,,0,33,,3684,172,,,0,73,,3686,172,,,0,33,,3702,172,,,0,73,,3706,172,,,0,33,,3713,172,,,0,73,,3705,172,,,0,33,,3689,172,,,0,73,,3692,172,,,0,33,,3700,172,,,0,73,,3696,172,,,0,73,,3699,172,,,0,33,,3703,172,,,0,73,,3712,172,,,0,33,,3698,172,,,0,73,,3697,172,,,0,33,,3688,172,,,0,73,,3707,172,,,0,33,,3685,172,,,0,73,,3709,172,,,0,73,,3708,172,,,0,33,,3691,172,,,0,73,,3681,172,,,0,33,,3693,172,,,0,73,,3680,172,,,0,33,,3683,172,,,0,73,,3690,172,,,0,30,,3687,172,,,0,70,,3704,172,,,0,32,,3701,172,,,0
5100,'c48e9871-c7da-4ae0-bf7c-b3496ea4ba29',700,,4145,9,,,0,40,,4158,9,,,0,80,,4154,9,,,0,80,,4147,9,,,0,40,,4155,9,,,0,80,,4151,9,,,0,80,,4143,9,,,0,40,,4150,9,,,0,80,,4159,9,,,0,80,,4153,9,,,0,40,,4148,9,,,0,80,,4144,9,,,0,80,,4152,9,,,0,40,,4146,9,,,0,80,,4156,9,,,0,80,,4160,9,,,0,40,,4157,9,,,0,80,,4149,9,,,0
5100,'d7cebbf2-c439-48e5-af23-2183cbefe818',700,,4176,9,,,0,40,,4166,9,,,0,80,,4177,9,,,0,80,,4172,9,,,0,40,,4167,9,,,0,80,,4164,9,,,0,80,,4174,9,,,0,45,,4170,9,,,0,85,,4163,9,,,0,85,,4162,9,,,0,85,,4161,9,,,0,45,,4168,9,,,0,85,,4173,9,,,0,85,,4175,9,,,0,85,,4169,9,,,0,40,,4165,9,,,0,80,,4171,9,,,0
5200,'c48e9871-c7da-4ae0-bf7c-b3496ea4ba29',720,,4219,15,,,0,80,,4216,15,,,0,40,,4215,15,,,0,80,,4218,15,,,0,80,,4229,15,,,0,40,,4221,15,,,0,80,,4230,15,,,0,80,,4228,15,,,0,40,,4226,15,,,0,80,,4222,15,,,0,80,,4231,15,,,0,40,,4217,15,,,0,80,,4220,15,,,0,80,,4224,15,,,0,40,,4223,15,,,0,80,,4232,15,,,0,80,,4227,15,,,0,35,,4225,15,,,0
5200,'d7cebbf2-c439-48e5-af23-2183cbefe818',640,,4243,15,,,0,80,,4238,15,,,0,80,,4237,15,,,0,40,,4248,15,,,0,80,,4241,15,,,0,80,,4242,15,,,0,40,,4251,15,,,0,80,,4245,15,,,0,80,,4239,15,,,0,40,,4250,15,,,0,80,,4247,15,,,0,80,,4244,15,,,0,40,,4240,15,,,0,80,,4249,15,,,0,80,,4233,15,,,0,40,,4246,15,,,0,80,,4234,15,,,0,80,,4235,15,,,0,35,,4236,15,,,0
5300,'c48e9871-c7da-4ae0-bf7c-b3496ea4ba29',700,,4296,12,,,0,30,,4303,12,,,0,70,,4304,12,,,0,30,,4300,12,,,0,70,,4291,12,,,0,30,,4301,12,,,0,70,,4297,12,,,0,30,,4290,12,,,0,70,,4309,12,,,0,30,,4306,12,,,0,70,,4294,12,,,0,30,,4312,12,,,0,70,,4310,12,,,0,30,,4305,12,,,0,70,,4299,12,,,0,35,,4308,12,,,0,75,,4298,12,,,0,35,,4292,12,,,0,75,,4307,12,,,0,35,,4293,12,,,0,75,,4311,12,,,0,75,,4302,12,,,0,30,,4295,13,,,0
5300,'d7cebbf2-c439-48e5-af23-2183cbefe818',600,,4319,12,,,0,30,,4334,12,,,0,70,,4331,12,,,0,30,,4328,12,,,0,70,,4337,12,,,0,30,,4329,12,,,0,70,,4317,12,,,0,30,,4324,12,,,0,70,,4313,12,,,0,30,,4333,12,,,0,70,,4335,12,,,0,30,,4314,12,,,0,70,,4326,12,,,0,30,,4321,12,,,0,70,,4325,12,,,0,30,,4315,12,,,0,70,,4320,12,,,0,35,,4318,12,,,0,75,,4336,12,,,0,35,,4332,12,,,0,75,,4330,12,,,0,35,,4327,12,,,0,75,,4323,12,,,0,75,,4322,12,,,0,30,,4316,13,,,0
