100,'312abbf0-fdea-4eb9-96c5-7a94145aceb2',710,,4687,104,,,0,36,,4688,104,,,0,73,,4674,104,,,0,33,,4683,104,,,0,73,,4679,104,,,0,33,,4671,104,,,0,73,,4680,104,,,0,73,,4676,104,,,0,33,,4675,104,,,0,73,,4669,104,,,0,33,,4673,104,,,0,73,,4693,104,,,0,36,,4697,104,,,0,75,,4690,104,,,0,75,,4694,104,,,0,35,,4682,104,,,0,75,,4689,104,,,0,35,,4686,104,,,0,76,,4684,104,,,0,34,,4691,104,,,0,72,,4685,104,,,0,73,,4700,104,,,0,33,,4677,104,,,0,73,,4678,104,,,0,33,,4695,104,,,0,73,,4696,104,,,0,33,,4698,104,,,0,73,,4672,104,,,0,30,,4699,104,,,0,57,,4668,104,,,0,30,,4670,113,,,0,63,,4681,113,,,0
100,'66e3ca25-c949-45bf-aa5b-2bde8ae66f69',819,,4721,104,,,0,33,,4711,104,,,0,73,,4712,104,,,0,33,,4702,104,,,0,73,,4719,104,,,0,73,,4701,104,,,0,33,,4705,104,,,0,73,,4714,104,,,0,33,,4715,104,,,0,73,,4716,104,,,0,33,,4720,104,,,0,73,,4709,104,,,0,33,,4708,104,,,0,73,,4710,104,,,0,73,,4706,104,,,0,33,,4717,104,,,0,73,,4707,104,,,0,33,,4718,104,,,0,73,,4704,104,,,0,33,,4713,113,,,0,65,,4703,113,,,0
100,'9ba31bfb-7050-4158-afae-0ffd0d63aa0c',819,,4732,104,,,0,33,,4733,104,,,0,73,,4725,104,,,0,33,,4744,104,,,0,73,,4724,104,,,0,73,,4736,104,,,0,33,,4726,104,,,0,73,,4727,104,,,0,33,,4734,104,,,0,73,,4731,104,,,0,33,,4738,104,,,0,73,,4723,104,,,0,33,,4743,104,,,0,73,,4729,104,,,0,73,,4742,104,,,0,33,,4737,104,,,0,73,,4722,104,,,0,33,,4735,104,,,0,73,,4741,104,,,0,33,,4730,113,,,0,65,,4728,113,,,0
100,'a6a1e58d-53c4-44f8-9966-8649a3a2e257',616,,4746,104,,,0,28,,4777,104,,,0,69,,4750,104,,,0,33,,4776,104,,,0,73,,4759,104,,,0,33,,4764,104,,,0,73,,4778,104,,,0,33,,4754,104,,,0,73,,4747,104,,,0,73,,4757,104,,,0,33,,4758,104,,,0,73,,4768,104,,,0,33,,4761,104,,,0,73,,4766,104,,,0,36,,4762,104,,,0,75,,4749,104,,,0,75,,4767,104,,,0,35,,4772,104,,,0,75,,4771,104,,,0,35,,4774,104,,,0,75,,4752,104,,,0,35,,4769,104,,,0,72,,4748,104,,,0,73,,4770,104,,,0,33,,4745,104,,,0,73,,4760,104,,,0,33,,4773,104,,,0,73,,4751,104,,,0,33,,4753,104,,,0,73,,4763,104,,,0,30,,4779,104,,,0,57,,4755,104,,,0,30,,4765,113,,,0,63,,4756,113,,,0
100,'cdcafeae-7da3-4ec3-beeb-64e1ab4dbc4b',819,,4799,104,,,0,33,,4791,104,,,0,73,,4788,104,,,0,33,,4797,104,,,0,73,,4802,104,,,0,73,,4790,104,,,0,33,,4801,104,,,0,73,,4784,104,,,0,33,,4795,104,,,0,73,,4800,104,,,0,33,,4789,104,,,0,73,,4798,104,,,0,33,,4780,104,,,0,73,,4782,104,,,0,73,,4792,104,,,0,33,,4781,104,,,0,73,,4783,104,,,0,33,,4794,104,,,0,73,,4793,104,,,0,33,,4785,113,,,0,65,,4787,113,,,0
200,'312abbf0-fdea-4eb9-96c5-7a94145aceb2',729,,4945,96,,,0,73,,4943,96,,,0,33,,4950,96,,,0,73,,4953,96,,,0,33,,4939,96,,,0,73,,4963,96,,,0,33,,4966,96,,,0,73,,4956,96,,,0,33,,4949,96,,,0,73,,4969,96,,,0,33,,4940,96,,,0,76,,4959,96,,,0,75,,4955,96,,,0,35,,4942,96,,,0,75,,4964,96,,,0,35,,4938,96,,,0,75,,4965,96,,,0,75,,4968,96,,,0,35,,4957,96,,,0,72,,4961,96,,,0,33,,4971,96,,,0,73,,4958,96,,,0,33,,4948,96,,,0,73,,4946,96,,,0,33,,4962,96,,,0,73,,4954,96,,,0,73,,4970,96,,,0,28,,4947,96,,,0,26,,4944,96,,,0,70,,4960,96,,,0,20,,4952,96,,,0
200,'66e3ca25-c949-45bf-aa5b-2bde8ae66f69',835,,4988,96,,,0,73,,4976,96,,,0,33,,4980,96,,,0,73,,4985,96,,,0,33,,4974,96,,,0,73,,4972,96,,,0,33,,4989,96,,,0,73,,4991,96,,,0,33,,4984,96,,,0,73,,4979,96,,,0,73,,4990,96,,,0,33,,4977,96,,,0,73,,4975,96,,,0,33,,4978,96,,,0,73,,4993,96,,,0,33,,4983,96,,,0,73,,4982,96,,,0,33,,4986,96,,,0,73,,4992,96,,,0,28,,4973,96,,,0
200,'9ba31bfb-7050-4158-afae-0ffd0d63aa0c',835,,5012,96,,,0,73,,4997,96,,,0,33,,5000,96,,,0,73,,5009,96,,,0,33,,4998,96,,,0,73,,5008,96,,,0,33,,5011,96,,,0,73,,5010,96,,,0,33,,5015,96,,,0,73,,5003,96,,,0,73,,5001,96,,,0,33,,5004,96,,,0,73,,5014,96,,,0,33,,5007,96,,,0,73,,4995,96,,,0,33,,5006,96,,,0,73,,5002,96,,,0,33,,4999,96,,,0,73,,5005,96,,,0,28,,4994,96,,,0
200,'a6a1e58d-53c4-44f8-9966-8649a3a2e257',621,,5028,96,,,0,35,,5048,96,,,0,73,,5035,96,,,0,73,,5027,96,,,0,33,,5025,96,,,0,73,,5033,96,,,0,33,,5034,96,,,0,73,,5040,96,,,0,33,,5041,96,,,0,73,,5037,96,,,0,33,,5020,96,,,0,73,,5044,96,,,0,33,,5042,96,,,0,76,,5047,96,,,0,75,,5038,96,,,0,35,,5024,96,,,0,75,,5050,96,,,0,35,,5017,96,,,0,75,,5043,96,,,0,75,,5031,96,,,0,35,,5036,96,,,0,72,,5045,96,,,0,33,,5016,96,,,0,73,,5018,96,,,0,33,,5023,96,,,0,73,,5021,96,,,0,33,,5029,96,,,0,73,,5030,96,,,0,73,,5049,96,,,0,29,,5022,96,,,0,25,,5046,96,,,0,70,,5019,96,,,0,20,,5039,96,,,0
200,'cdcafeae-7da3-4ec3-beeb-64e1ab4dbc4b',835,,5061,96,,,0,73,,5070,96,,,0,33,,5054,96,,,0,73,,5058,96,,,0,33,,5069,96,,,0,73,,5051,96,,,0,33,,5060,96,,,0,73,,5071,96,,,0,33,,5056,96,,,0,73,,5053,96,,,0,73,,5057,96,,,0,33,,5064,96,,,0,73,,5066,96,,,0,33,,5059,96,,,0,73,,5063,96,,,0,33,,5067,96,,,0,73,,5055,96,,,0,33,,5062,96,,,0,73,,5068,96,,,0,28,,5065,96,,,0
1006001,'a6a1e58d-53c4-44f8-9966-8649a3a2e257',646,,6053,4,,,0,100,,6051,4,,,0,105,,6049,4,,,0,100,,6055,4,,,0,100,,6059,4,,,0,100,,6058,4,,,0,100,,6052,4,,,0,100,,6056,4,,,0,105,,6057,4,,,0,100,,6060,4,,,0,100,,6054,4,,,0,100,,6050,4,,,0
2006001,'a6a1e58d-53c4-44f8-9966-8649a3a2e257',716,,6114,5,,,0,100,,6119,5,,,0,105,,6117,5,,,0,100,,6120,5,,,0,100,,6121,5,,,0,100,,6110,5,,,0,100,,6115,5,,,0,100,,6116,5,,,0,105,,6113,5,,,0,100,,6111,5,,,0,100,,6118,5,,,0,100,,6112,5,,,0
3006001,'312abbf0-fdea-4eb9-96c5-7a94145aceb2',721,,6242,7,,,0,85,,6231,7,,,0,45,,6236,7,,,0,85,,6240,7,,,0,85,,6243,7,,,0,85,,6237,7,,,0,45,,6246,7,,,0,85,,6244,7,,,0,85,,6234,7,,,0,85,,6245,7,,,0,45,,6233,7,,,0,85,,6250,7,,,0,85,,6247,7,,,0,85,,6239,7,,,0,45,,6241,7,,,0,85,,6251,7,,,0,85,,6252,7,,,0,85,,6235,7,,,0,45,,6248,7,,,0,85,,6249,7,,,0,85,,6238,7,,,0,85,,6232,7,,,0
3006001,'66e3ca25-c949-45bf-aa5b-2bde8ae66f69',821,,6254,7,,,0,85,,6257,7,,,0,45,,6266,7,,,0,85,,6256,7,,,0,85,,6260,7,,,0,85,,6263,7,,,0,45,,6261,7,,,0,85,,6264,7,,,0,85,,6265,7,,,0,85,,6255,7,,,0,45,,6259,7,,,0,85,,6258,7,,,0,85,,6253,7,,,0,85,,6262,7,,,0
3006001,'9ba31bfb-7050-4158-afae-0ffd0d63aa0c',821,,6270,7,,,0,85,,6275,7,,,0,45,,6279,7,,,0,85,,6278,7,,,0,85,,6274,7,,,0,85,,6272,7,,,0,45,,6268,7,,,0,85,,6267,7,,,0,85,,6276,7,,,0,85,,6277,7,,,0,45,,6273,7,,,0,85,,6269,7,,,0,85,,6271,7,,,0,85,,6280,7,,,0
3006001,'a6a1e58d-53c4-44f8-9966-8649a3a2e257',1921,,6281,7,,,0,85,,6284,7,,,0,45,,6286,7,,,0,85,,6282,7,,,0,85,,6283,7,,,0,85,,6285,7,,,0
3006001,'cdcafeae-7da3-4ec3-beeb-64e1ab4dbc4b',821,,6287,7,,,0,85,,6297,7,,,0,45,,6298,7,,,0,85,,6295,7,,,0,85,,6299,7,,,0,85,,6288,7,,,0,45,,6289,7,,,0,85,,6291,7,,,0,85,,6290,7,,,0,85,,6293,7,,,0,45,,6300,7,,,0,85,,6296,7,,,0,85,,6294,7,,,0,85,,6292,7,,,0
