100,'8121286b-fd49-4716-b922-42f8d7dc989c',835,,3269,164,,,0,73,,3279,164,,,0,33,,3268,164,,,0,73,,3286,164,,,0,33,,3280,164,,,0,73,,3274,164,,,0,33,,3272,164,,,0,73,,3277,164,,,0,33,,3288,164,,,0,73,,3271,164,,,0,73,,3285,164,,,0,33,,3287,164,,,0,73,,3284,164,,,0,33,,3273,164,,,0,73,,3282,164,,,0,33,,3276,164,,,0,73,,3278,164,,,0,33,,3275,164,,,0,73,,3281,164,,,0,73,,3283,173,,,0
100,'b3648ede-5954-434f-9b9d-d5f08e1e70ad',835,,3291,164,,,0,73,,3296,164,,,0,33,,3305,164,,,0,73,,3303,164,,,0,33,,3308,164,,,0,73,,3300,164,,,0,33,,3294,164,,,0,73,,3311,164,,,0,33,,3297,164,,,0,73,,3295,164,,,0,73,,3306,164,,,0,33,,3298,164,,,0,73,,3302,164,,,0,33,,3292,164,,,0,73,,3293,164,,,0,33,,3310,164,,,0,73,,3304,164,,,0,33,,3299,164,,,0,73,,3290,164,,,0,73,,3301,173,,,0
100,'c48e9871-c7da-4ae0-bf7c-b3496ea4ba29',729,,3338,164,,,0,73,,3325,164,,,0,33,,3342,164,,,0,73,,3344,164,,,0,33,,3333,164,,,0,73,,3330,164,,,0,33,,3323,164,,,0,73,,3334,164,,,0,33,,3320,164,,,0,73,,3328,164,,,0,33,,3329,164,,,0,73,,3317,164,,,0,73,,3337,164,,,0,33,,3312,164,,,0,73,,3324,164,,,0,33,,3321,164,,,0,73,,3315,164,,,0,33,,3341,164,,,0,73,,3331,164,,,0,33,,3335,164,,,0,73,,3326,164,,,0,73,,3319,164,,,0,33,,3314,164,,,0,73,,3313,164,,,0,33,,3343,164,,,0,73,,3339,164,,,0,33,,3322,164,,,0,73,,3340,164,,,0,33,,3316,164,,,0,70,,3318,164,,,0,30,,3332,173,,,0
100,'d7cebbf2-c439-48e5-af23-2183cbefe818',632,,3352,164,,,0,68,,3356,164,,,0,29,,3372,164,,,0,73,,3374,164,,,0,33,,3371,164,,,0,73,,3354,164,,,0,33,,3347,164,,,0,73,,3360,164,,,0,33,,3376,164,,,0,73,,3373,164,,,0,33,,3350,164,,,0,73,,3357,164,,,0,33,,3346,164,,,0,73,,3358,164,,,0,73,,3378,164,,,0,33,,3368,164,,,0,73,,3351,164,,,0,33,,3359,164,,,0,73,,3370,164,,,0,33,,3355,164,,,0,73,,3366,164,,,0,33,,3367,164,,,0,73,,3345,164,,,0,73,,3361,164,,,0,33,,3379,164,,,0,73,,3349,164,,,0,33,,3365,164,,,0,73,,3363,164,,,0,33,,3369,164,,,0,73,,3362,164,,,0,33,,3377,164,,,0,70,,3348,164,,,0,30,,3364,173,,,0
301,'8121286b-fd49-4716-b922-42f8d7dc989c',808,,3840,58,,,0,33,,3823,58,,,0,73,,3833,58,,,0,33,,3831,58,,,0,73,,3839,58,,,0,33,,3832,58,,,0,73,,3822,58,,,0,33,,3837,58,,,0,73,,3820,58,,,0,73,,3830,58,,,0,33,,3821,58,,,0,73,,3825,58,,,0,33,,3835,58,,,0,73,,3836,58,,,0,33,,3834,58,,,0,73,,3827,58,,,0,33,,3826,58,,,0,73,,3829,58,,,0,73,,3824,58,,,0,33,,3828,58,,,0,65,,3838,58,,,0
301,'b3648ede-5954-434f-9b9d-d5f08e1e70ad',808,,3860,58,,,0,33,,3851,58,,,0,73,,3858,58,,,0,33,,3854,58,,,0,73,,3846,58,,,0,33,,3845,58,,,0,73,,3852,58,,,0,33,,3847,58,,,0,73,,3850,58,,,0,73,,3859,58,,,0,33,,3861,58,,,0,73,,3853,58,,,0,33,,3843,58,,,0,73,,3848,58,,,0,33,,3844,58,,,0,73,,3857,58,,,0,33,,3856,58,,,0,73,,3849,58,,,0,73,,3841,58,,,0,33,,3855,58,,,0,65,,3842,58,,,0
301,'c48e9871-c7da-4ae0-bf7c-b3496ea4ba29',735,,3877,58,,,0,73,,3887,58,,,0,33,,3889,58,,,0,73,,3876,58,,,0,33,,3863,58,,,0,73,,3891,58,,,0,33,,3862,58,,,0,73,,3885,58,,,0,33,,3867,58,,,0,73,,3864,58,,,0,73,,3865,58,,,0,33,,3890,58,,,0,73,,3869,58,,,0,33,,3875,58,,,0,73,,3874,58,,,0,33,,3878,58,,,0,73,,3872,58,,,0,33,,3879,58,,,0,73,,3881,58,,,0,73,,3866,58,,,0,33,,3888,58,,,0,73,,3886,58,,,0,33,,3883,58,,,0,73,,3892,58,,,0,33,,3870,58,,,0,73,,3873,58,,,0,33,,3871,58,,,0,73,,3880,58,,,0,30,,3868,58,,,0,70,,3882,58,,,0,30,,3884,58,,,0
301,'d7cebbf2-c439-48e5-af23-2183cbefe818',630,,3918,58,,,0,72,,3896,58,,,0,33,,3924,58,,,0,73,,3895,58,,,0,33,,3907,58,,,0,73,,3894,58,,,0,33,,3912,58,,,0,73,,3922,58,,,0,33,,3900,58,,,0,73,,3925,58,,,0,33,,3913,58,,,0,73,,3908,58,,,0,73,,3893,58,,,0,33,,3906,58,,,0,73,,3923,58,,,0,33,,3921,58,,,0,73,,3911,58,,,0,33,,3916,58,,,0,73,,3917,58,,,0,33,,3902,58,,,0,73,,3897,58,,,0,73,,3899,58,,,0,33,,3901,58,,,0,73,,3920,58,,,0,33,,3909,58,,,0,73,,3919,58,,,0,33,,3910,58,,,0,73,,3903,58,,,0,33,,3914,58,,,0,73,,3904,58,,,0,30,,3915,58,,,0,70,,3898,58,,,0,30,,3905,58,,,0
3006001,'8121286b-fd49-4716-b922-42f8d7dc989c',834,,4613,93,,,0,85,,4617,93,,,0,85,,4622,93,,,0,45,,4618,93,,,0,85,,4623,93,,,0,85,,4620,93,,,0,85,,4625,93,,,0,45,,4619,93,,,0,85,,4624,93,,,0,85,,4616,93,,,0,85,,4614,93,,,0,45,,4612,93,,,0,85,,4621,93,,,0,85,,4615,93,,,0
3006001,'b3648ede-5954-434f-9b9d-d5f08e1e70ad',834,,4636,93,,,0,85,,4631,93,,,0,85,,4630,93,,,0,45,,4627,93,,,0,85,,4628,93,,,0,85,,4626,93,,,0,85,,4639,93,,,0,45,,4635,93,,,0,85,,4629,93,,,0,85,,4632,93,,,0,85,,4637,93,,,0,45,,4633,93,,,0,85,,4634,93,,,0,85,,4638,93,,,0
3006001,'c48e9871-c7da-4ae0-bf7c-b3496ea4ba29',734,,4647,93,,,0,85,,4641,93,,,0,85,,4642,93,,,0,45,,4661,93,,,0,85,,4653,93,,,0,85,,4643,93,,,0,85,,4659,93,,,0,45,,4655,93,,,0,85,,4650,93,,,0,85,,4649,93,,,0,85,,4656,93,,,0,45,,4646,93,,,0,85,,4658,93,,,0,85,,4651,93,,,0,85,,4644,93,,,0,45,,4652,93,,,0,85,,4660,93,,,0,85,,4648,93,,,0,85,,4654,93,,,0,45,,4657,93,,,0,85,,4645,93,,,0,85,,4640,93,,,0
3006001,'d7cebbf2-c439-48e5-af23-2183cbefe818',1934,,4667,93,,,0,85,,4666,93,,,0,85,,4663,93,,,0,45,,4665,93,,,0,85,,4662,93,,,0,85,,4664,93,,,0
