101,'312abbf0-fdea-4eb9-96c5-7a94145aceb2',717,,4823,7,,,0,33,,4825,7,,,0,73,,4818,7,,,0,33,,4805,7,,,0,73,,4835,7,,,0,73,,4814,7,,,0,33,,4827,7,,,0,73,,4809,7,,,0,33,,4811,7,,,0,73,,4834,7,,,0,33,,4816,7,,,0,74,,4829,7,,,0,33,,4836,7,,,0,78,,4832,7,,,0,75,,4812,7,,,0,35,,4803,7,,,0,75,,4826,7,,,0,35,,4824,7,,,0,75,,4819,7,,,0,73,,4806,7,,,0,33,,4828,7,,,0,73,,4808,7,,,0,33,,4821,7,,,0,73,,4810,7,,,0,33,,4822,7,,,0,73,,4807,7,,,0,30,,4831,7,,,0,69,,4817,7,,,0,30,,4820,7,,,0,70,,4833,7,,,0,10,,4830,7,,,0
101,'66e3ca25-c949-45bf-aa5b-2bde8ae66f69',750,,4856,7,,,0,73,,4843,7,,,0,33,,4844,7,,,0,73,,4842,7,,,0,73,,4837,7,,,0,33,,4854,7,,,0,73,,4852,7,,,0,33,,4841,7,,,0,73,,4839,7,,,0,33,,4847,7,,,0,73,,4845,7,,,0,33,,4853,7,,,0,73,,4838,7,,,0,33,,4849,7,,,0,73,,4840,7,,,0,73,,4851,7,,,0,33,,4848,7,,,0,73,,4857,7,,,0,33,,4850,7,,,0,73,,4855,7,,,0,33,,4846,7,,,0
101,'9ba31bfb-7050-4158-afae-0ffd0d63aa0c',750,,4872,7,,,0,73,,4880,7,,,0,33,,4859,7,,,0,73,,4877,7,,,0,73,,4869,7,,,0,33,,4866,7,,,0,73,,4870,7,,,0,33,,4861,7,,,0,73,,4876,7,,,0,33,,4863,7,,,0,73,,4862,7,,,0,33,,4867,7,,,0,73,,4868,7,,,0,33,,4860,7,,,0,73,,4864,7,,,0,73,,4875,7,,,0,33,,4871,7,,,0,73,,4865,7,,,0,33,,4873,7,,,0,73,,4874,7,,,0,33,,4878,7,,,0
101,'a6a1e58d-53c4-44f8-9966-8649a3a2e257',608,,4882,7,,,0,36,,4892,7,,,0,73,,4885,7,,,0,33,,4896,7,,,0,73,,4907,7,,,0,33,,4898,7,,,0,73,,4909,7,,,0,73,,4897,7,,,0,33,,4911,7,,,0,73,,4906,7,,,0,33,,4894,7,,,0,73,,4886,7,,,0,33,,4881,7,,,0,75,,4903,7,,,0,35,,4884,7,,,0,75,,4895,7,,,0,75,,4908,7,,,0,35,,4914,7,,,0,75,,4902,7,,,0,35,,4901,7,,,0,75,,4893,7,,,0,73,,4915,7,,,0,33,,4899,7,,,0,73,,4910,7,,,0,33,,4891,7,,,0,73,,4888,7,,,0,33,,4904,7,,,0,73,,4913,7,,,0,30,,4883,7,,,0,69,,4890,7,,,0,30,,4900,7,,,0,70,,4905,7,,,0,10,,4889,7,,,0
101,'cdcafeae-7da3-4ec3-beeb-64e1ab4dbc4b',750,,4934,7,,,0,73,,4929,7,,,0,33,,4916,7,,,0,73,,4920,7,,,0,73,,4925,7,,,0,33,,4933,7,,,0,73,,4937,7,,,0,33,,4917,7,,,0,73,,4935,7,,,0,33,,4931,7,,,0,73,,4928,7,,,0,33,,4919,7,,,0,73,,4932,7,,,0,33,,4921,7,,,0,73,,4923,7,,,0,73,,4926,7,,,0,33,,4927,7,,,0,73,,4918,7,,,0,33,,4936,7,,,0,73,,4922,7,,,0,33,,4930,7,,,0
3006000,'312abbf0-fdea-4eb9-96c5-7a94145aceb2',703,,6157,4,,,0,41,,6166,4,,,0,85,,6177,4,,,0,85,,6171,4,,,0,45,,6179,4,,,0,85,,6173,4,,,0,85,,6175,4,,,0,85,,6158,4,,,0,45,,6165,4,,,0,85,,6161,4,,,0,85,,6163,4,,,0,85,,6168,4,,,0,45,,6167,4,,,0,85,,6178,4,,,0,85,,6159,4,,,0,85,,6164,4,,,0,45,,6176,4,,,0,85,,6172,4,,,0,85,,6170,4,,,0,85,,6162,4,,,0,45,,6169,4,,,0,85,,6160,4,,,0,85,,6174,4,,,0
3006000,'66e3ca25-c949-45bf-aa5b-2bde8ae66f69',803,,6180,4,,,0,41,,6189,4,,,0,85,,6191,4,,,0,85,,6185,4,,,0,45,,6183,4,,,0,85,,6181,4,,,0,85,,6184,4,,,0,85,,6192,4,,,0,45,,6182,4,,,0,85,,6193,4,,,0,85,,6194,4,,,0,85,,6188,4,,,0,45,,6186,4,,,0,85,,6190,4,,,0,85,,6187,4,,,0
3006000,'9ba31bfb-7050-4158-afae-0ffd0d63aa0c',803,,6199,4,,,0,41,,6198,4,,,0,85,,6196,4,,,0,85,,6209,4,,,0,45,,6205,4,,,0,85,,6201,4,,,0,85,,6200,4,,,0,85,,6204,4,,,0,45,,6206,4,,,0,85,,6208,4,,,0,85,,6203,4,,,0,85,,6207,4,,,0,45,,6197,4,,,0,85,,6195,4,,,0,85,,6202,4,,,0
3006000,'a6a1e58d-53c4-44f8-9966-8649a3a2e257',1944,,6214,4,,,0,85,,6213,4,,,0,85,,6215,4,,,0,45,,6210,4,,,0,85,,6211,4,,,0,85,,6212,4,,,0
3006000,'cdcafeae-7da3-4ec3-beeb-64e1ab4dbc4b',803,,6221,4,,,0,41,,6227,4,,,0,85,,6226,4,,,0,85,,6223,4,,,0,45,,6224,4,,,0,85,,6230,4,,,0,85,,6229,4,,,0,85,,6228,4,,,0,45,,6219,4,,,0,85,,6225,4,,,0,85,,6222,4,,,0,85,,6218,4,,,0,45,,6216,4,,,0,85,,6217,4,,,0,85,,6220,4,,,0
