100,'8121286b-fd49-4716-b922-42f8d7dc989c',811,,3269,56,,,0,33,,3279,56,,,0,73,,3268,56,,,0,33,,3286,56,,,0,73,,3280,56,,,0,33,,3274,56,,,0,73,,3272,56,,,0,73,,3277,56,,,0,33,,3288,56,,,0,73,,3271,56,,,0,33,,3285,56,,,0,73,,3287,56,,,0,33,,3284,56,,,0,73,,3273,56,,,0,33,,3282,56,,,0,73,,3276,56,,,0,33,,3278,56,,,0,73,,3275,56,,,0,73,,3281,56,,,0,33,,3283,65,,,0,65,,3270,65,,,0
100,'b3648ede-5954-434f-9b9d-d5f08e1e70ad',811,,3291,56,,,0,33,,3296,56,,,0,73,,3305,56,,,0,33,,3303,56,,,0,73,,3308,56,,,0,33,,3300,56,,,0,73,,3294,56,,,0,73,,3311,56,,,0,33,,3297,56,,,0,73,,3309,56,,,0,33,,3307,56,,,0,73,,3298,56,,,0,33,,3302,56,,,0,73,,3292,56,,,0,33,,3293,56,,,0,73,,3310,56,,,0,33,,3304,56,,,0,73,,3299,56,,,0,73,,3290,56,,,0,33,,3301,65,,,0,65,,3289,65,,,0
100,'c48e9871-c7da-4ae0-bf7c-b3496ea4ba29',705,,3338,56,,,0,33,,3325,56,,,0,73,,3342,56,,,0,33,,3344,56,,,0,73,,3333,56,,,0,33,,3330,56,,,0,73,,3323,56,,,0,33,,3334,56,,,0,73,,3320,56,,,0,73,,3328,56,,,0,33,,3329,56,,,0,73,,3317,56,,,0,33,,3337,56,,,0,73,,3312,56,,,0,33,,3324,56,,,0,73,,3327,56,,,0,33,,3315,56,,,0,73,,3341,56,,,0,33,,3331,56,,,0,73,,3335,56,,,0,73,,3326,56,,,0,33,,3319,56,,,0,73,,3314,56,,,0,33,,3313,56,,,0,73,,3343,56,,,0,33,,3339,56,,,0,73,,3322,56,,,0,33,,3340,56,,,0,73,,3316,56,,,0,30,,3318,56,,,0,70,,3332,65,,,0,23,,3336,65,,,0
100,'d7cebbf2-c439-48e5-af23-2183cbefe818',608,,3352,56,,,0,28,,3356,56,,,0,69,,3372,56,,,0,33,,3374,56,,,0,73,,3371,56,,,0,33,,3354,56,,,0,73,,3347,56,,,0,33,,3360,56,,,0,73,,3376,56,,,0,33,,3373,56,,,0,73,,3350,56,,,0,73,,3357,56,,,0,33,,3346,56,,,0,73,,3358,56,,,0,33,,3378,56,,,0,73,,3368,56,,,0,33,,3351,56,,,0,73,,3359,56,,,0,33,,3353,56,,,0,73,,3355,56,,,0,33,,3366,56,,,0,73,,3367,56,,,0,73,,3345,56,,,0,33,,3361,56,,,0,73,,3379,56,,,0,33,,3349,56,,,0,73,,3365,56,,,0,33,,3363,56,,,0,73,,3369,56,,,0,33,,3362,56,,,0,73,,3377,56,,,0,30,,3348,56,,,0,70,,3364,65,,,0,23,,3375,65,,,0
101,'8121286b-fd49-4716-b922-42f8d7dc989c',820,,3393,144,,,0,33,,3383,144,,,0,73,,3387,144,,,0,33,,3395,144,,,0,73,,3392,144,,,0,73,,3400,144,,,0,33,,3380,144,,,0,73,,3396,144,,,0,33,,3397,144,,,0,73,,3385,144,,,0,33,,3389,144,,,0,73,,3390,144,,,0,33,,3391,144,,,0,73,,3381,144,,,0,73,,3384,144,,,0,33,,3401,144,,,0,73,,3386,144,,,0,33,,3399,144,,,0,73,,3382,144,,,0,33,,3398,144,,,0
101,'b3648ede-5954-434f-9b9d-d5f08e1e70ad',820,,3411,144,,,0,33,,3408,144,,,0,73,,3402,144,,,0,33,,3421,144,,,0,73,,3414,144,,,0,73,,3422,144,,,0,33,,3415,144,,,0,73,,3403,144,,,0,33,,3410,144,,,0,73,,3418,144,,,0,33,,3420,144,,,0,73,,3412,144,,,0,33,,3404,144,,,0,73,,3407,144,,,0,73,,3405,144,,,0,33,,3416,144,,,0,73,,3409,144,,,0,33,,3423,144,,,0,73,,3413,144,,,0,33,,3419,144,,,0
101,'c48e9871-c7da-4ae0-bf7c-b3496ea4ba29',714,,3426,144,,,0,33,,3433,144,,,0,73,,3435,144,,,0,33,,3446,144,,,0,73,,3437,144,,,0,33,,3443,144,,,0,73,,3449,144,,,0,73,,3438,144,,,0,33,,3434,144,,,0,73,,3453,144,,,0,33,,3427,144,,,0,73,,3424,144,,,0,33,,3444,144,,,0,73,,3454,144,,,0,33,,3456,144,,,0,73,,3425,144,,,0,73,,3436,144,,,0,33,,3440,144,,,0,73,,3429,144,,,0,33,,3430,144,,,0,73,,3448,144,,,0,33,,3445,144,,,0,73,,3451,144,,,0,33,,3442,144,,,0,73,,3439,144,,,0,33,,3457,144,,,0,73,,3447,144,,,0,73,,3432,144,,,0,33,,3441,144,,,0,70,,3431,144,,,0,30,,3455,144,,,0
101,'d7cebbf2-c439-48e5-af23-2183cbefe818',612,,3469,144,,,0,29,,3458,144,,,0,73,,3478,144,,,0,33,,3488,144,,,0,73,,3472,144,,,0,33,,3484,144,,,0,73,,3483,144,,,0,33,,3474,144,,,0,73,,3468,144,,,0,73,,3470,144,,,0,33,,3482,144,,,0,73,,3477,144,,,0,33,,3485,144,,,0,73,,3466,144,,,0,33,,3465,144,,,0,73,,3463,144,,,0,33,,3475,144,,,0,73,,3459,144,,,0,73,,3489,144,,,0,33,,3467,144,,,0,73,,3491,144,,,0,33,,3461,144,,,0,73,,3479,144,,,0,33,,3481,144,,,0,73,,3471,144,,,0,33,,3487,144,,,0,73,,3480,144,,,0,33,,3473,144,,,0,73,,3486,144,,,0,73,,3460,144,,,0,33,,3490,144,,,0,70,,3464,144,,,0,30,,3476,144,,,0
200,'8121286b-fd49-4716-b922-42f8d7dc989c',827,,3511,56,,,0,73,,3493,56,,,0,33,,3503,56,,,0,73,,3495,56,,,0,33,,3504,56,,,0,73,,3501,56,,,0,33,,3505,56,,,0,73,,3509,56,,,0,33,,3500,56,,,0,73,,3499,56,,,0,33,,3502,56,,,0,73,,3507,56,,,0,73,,3492,56,,,0,33,,3496,56,,,0,73,,3498,56,,,0,33,,3510,56,,,0,73,,3506,56,,,0,33,,3513,56,,,0,73,,3494,56,,,0,28,,3512,56,,,0
200,'b3648ede-5954-434f-9b9d-d5f08e1e70ad',827,,3530,56,,,0,73,,3523,56,,,0,33,,3520,56,,,0,73,,3525,56,,,0,33,,3528,56,,,0,73,,3532,56,,,0,33,,3531,56,,,0,73,,3535,56,,,0,33,,3534,56,,,0,73,,3522,56,,,0,33,,3519,56,,,0,73,,3524,56,,,0,73,,3518,56,,,0,33,,3529,56,,,0,73,,3533,56,,,0,33,,3516,56,,,0,73,,3515,56,,,0,33,,3526,56,,,0,73,,3527,56,,,0,28,,3521,56,,,0
200,'c48e9871-c7da-4ae0-bf7c-b3496ea4ba29',721,,3565,56,,,0,33,,3551,56,,,0,73,,3562,56,,,0,73,,3538,56,,,0,33,,3547,56,,,0,73,,3555,56,,,0,33,,3545,56,,,0,73,,3544,56,,,0,33,,3542,56,,,0,73,,3536,56,,,0,33,,3540,56,,,0,73,,3568,56,,,0,33,,3553,56,,,0,73,,3564,56,,,0,73,,3539,56,,,0,33,,3569,56,,,0,73,,3561,56,,,0,33,,3557,56,,,0,73,,3560,56,,,0,33,,3552,56,,,0,73,,3548,56,,,0,33,,3559,56,,,0,73,,3550,56,,,0,73,,3563,56,,,0,33,,3566,56,,,0,73,,3558,56,,,0,33,,3543,56,,,0,73,,3567,56,,,0,33,,3549,56,,,0,70,,3541,56,,,0,23,,3556,56,,,0
200,'d7cebbf2-c439-48e5-af23-2183cbefe818',615,,3580,56,,,0,33,,3599,56,,,0,73,,3596,56,,,0,33,,3571,56,,,0,73,,3603,56,,,0,73,,3572,56,,,0,33,,3604,56,,,0,73,,3570,56,,,0,33,,3581,56,,,0,73,,3602,56,,,0,33,,3589,56,,,0,73,,3578,56,,,0,33,,3575,56,,,0,73,,3579,56,,,0,33,,3600,56,,,0,73,,3587,56,,,0,73,,3573,56,,,0,33,,3594,56,,,0,73,,3595,56,,,0,33,,3582,56,,,0,73,,3593,56,,,0,33,,3574,56,,,0,73,,3598,56,,,0,33,,3601,56,,,0,73,,3592,56,,,0,73,,3597,56,,,0,33,,3590,56,,,0,73,,3591,56,,,0,33,,3585,56,,,0,73,,3576,56,,,0,33,,3583,56,,,0,70,,3577,56,,,0,23,,3586,56,,,0
