401,'312abbf0-fdea-4eb9-96c5-7a94145aceb2',705,,5620,77,,,0,34,,5614,77,,,0,72,,5633,77,,,0,33,,5629,77,,,0,73,,5636,77,,,0,33,,5637,77,,,0,73,,5621,77,,,0,33,,5627,77,,,0,73,,5610,77,,,0,73,,5609,77,,,0,33,,5640,77,,,0,73,,5634,77,,,0,35,,5639,77,,,0,78,,5615,77,,,0,35,,5638,77,,,0,75,,5612,77,,,0,75,,5616,77,,,0,35,,5626,77,,,0,75,,5631,77,,,0,34,,5617,77,,,0,75,,5625,77,,,0,32,,5619,77,,,0,72,,5632,77,,,0,74,,5613,77,,,0,33,,5622,77,,,0,73,,5618,77,,,0,33,,5608,77,,,0,73,,5611,77,,,0,29,,5628,77,,,0,67,,5623,77,,,0,25,,5630,77,,,0,19,,5624,77,,,0
401,'66e3ca25-c949-45bf-aa5b-2bde8ae66f69',811,,5646,77,,,0,33,,5655,77,,,0,73,,5659,77,,,0,33,,5642,77,,,0,73,,5661,77,,,0,33,,5650,77,,,0,73,,5649,77,,,0,73,,5654,77,,,0,33,,5651,77,,,0,73,,5644,77,,,0,33,,5662,77,,,0,73,,5652,77,,,0,33,,5647,77,,,0,73,,5645,77,,,0,33,,5658,77,,,0,73,,5656,77,,,0,33,,5657,77,,,0,73,,5660,77,,,0,73,,5641,77,,,0,33,,5648,77,,,0
401,'9ba31bfb-7050-4158-afae-0ffd0d63aa0c',811,,5673,77,,,0,33,,5671,77,,,0,73,,5684,77,,,0,33,,5664,77,,,0,73,,5674,77,,,0,33,,5672,77,,,0,73,,5677,77,,,0,73,,5680,77,,,0,33,,5683,77,,,0,73,,5667,77,,,0,33,,5668,77,,,0,73,,5663,77,,,0,33,,5675,77,,,0,73,,5679,77,,,0,33,,5665,77,,,0,73,,5682,77,,,0,33,,5676,77,,,0,73,,5666,77,,,0,73,,5670,77,,,0,33,,5681,77,,,0
401,'a6a1e58d-53c4-44f8-9966-8649a3a2e257',634,,5707,77,,,0,71,,5696,77,,,0,34,,5688,77,,,0,72,,5702,77,,,0,33,,5693,77,,,0,73,,5712,77,,,0,33,,5699,77,,,0,73,,5686,77,,,0,33,,5697,77,,,0,73,,5713,77,,,0,73,,5715,77,,,0,33,,5706,77,,,0,73,,5687,77,,,0,35,,5685,77,,,0,78,,5689,77,,,0,35,,5704,77,,,0,75,,5705,77,,,0,75,,5708,77,,,0,35,,5701,77,,,0,75,,5700,77,,,0,34,,5694,77,,,0,75,,5716,77,,,0,32,,5692,77,,,0,72,,5710,77,,,0,74,,5690,77,,,0,33,,5703,77,,,0,73,,5717,77,,,0,33,,5698,77,,,0,73,,5709,77,,,0,29,,5695,77,,,0,67,,5711,77,,,0,25,,5691,77,,,0,19,,5714,77,,,0
401,'cdcafeae-7da3-4ec3-beeb-64e1ab4dbc4b',811,,5737,77,,,0,33,,5745,77,,,0,73,,5729,77,,,0,33,,5736,77,,,0,73,,5746,77,,,0,33,,5726,77,,,0,73,,5721,77,,,0,73,,5743,77,,,0,33,,5731,77,,,0,73,,5741,77,,,0,33,,5732,77,,,0,73,,5718,77,,,0,33,,5739,77,,,0,73,,5734,77,,,0,33,,5719,77,,,0,73,,5724,77,,,0,33,,5738,77,,,0,73,,5725,77,,,0,73,,5722,77,,,0,33,,5733,77,,,0,73,,5720,77,,,0,28,,5740,77,,,0,70,,5744,77,,,0,33,,5735,77,,,0,73,,5730,77,,,0,33,,5723,77,,,0,106,,5727,77,,,0
1006001,'a6a1e58d-53c4-44f8-9966-8649a3a2e257',646,,6053,2,,,0,100,,6051,2,,,0,105,,6049,2,,,0,100,,6055,2,,,0,100,,6059,2,,,0,100,,6058,2,,,0,100,,6052,2,,,0,100,,6056,2,,,0,105,,6057,2,,,0,100,,6060,2,,,0,100,,6054,2,,,0,100,,6050,2,,,0
2006001,'a6a1e58d-53c4-44f8-9966-8649a3a2e257',716,,6114,3,,,0,100,,6119,3,,,0,105,,6117,3,,,0,100,,6120,3,,,0,100,,6121,3,,,0,100,,6110,3,,,0,100,,6115,3,,,0,100,,6116,3,,,0,105,,6113,3,,,0,100,,6111,3,,,0,100,,6118,3,,,0,100,,6112,3,,,0
3006001,'312abbf0-fdea-4eb9-96c5-7a94145aceb2',720,,6242,5,,,0,85,,6231,5,,,0,45,,6236,5,,,0,85,,6240,5,,,0,85,,6243,5,,,0,85,,6237,5,,,0,45,,6246,5,,,0,85,,6244,5,,,0,85,,6234,5,,,0,85,,6245,5,,,0,45,,6233,5,,,0,85,,6250,5,,,0,85,,6247,5,,,0,85,,6239,5,,,0,45,,6241,5,,,0,85,,6251,5,,,0,85,,6252,5,,,0,85,,6235,5,,,0,45,,6248,5,,,0,85,,6249,5,,,0,85,,6238,5,,,0,85,,6232,5,,,0
3006001,'66e3ca25-c949-45bf-aa5b-2bde8ae66f69',820,,6254,5,,,0,85,,6257,5,,,0,45,,6266,5,,,0,85,,6256,5,,,0,85,,6260,5,,,0,85,,6263,5,,,0,45,,6261,5,,,0,85,,6264,5,,,0,85,,6265,5,,,0,85,,6255,5,,,0,45,,6259,5,,,0,85,,6258,5,,,0,85,,6253,5,,,0,85,,6262,5,,,0
3006001,'9ba31bfb-7050-4158-afae-0ffd0d63aa0c',820,,6270,5,,,0,85,,6275,5,,,0,45,,6279,5,,,0,85,,6278,5,,,0,85,,6274,5,,,0,85,,6272,5,,,0,45,,6268,5,,,0,85,,6267,5,,,0,85,,6276,5,,,0,85,,6277,5,,,0,45,,6273,5,,,0,85,,6269,5,,,0,85,,6271,5,,,0,85,,6280,5,,,0
3006001,'a6a1e58d-53c4-44f8-9966-8649a3a2e257',1920,,6281,5,,,0,85,,6284,5,,,0,45,,6286,5,,,0,85,,6282,5,,,0,85,,6283,5,,,0,85,,6285,5,,,0
3006001,'cdcafeae-7da3-4ec3-beeb-64e1ab4dbc4b',820,,6287,5,,,0,85,,6297,5,,,0,45,,6298,5,,,0,85,,6295,5,,,0,85,,6299,5,,,0,85,,6288,5,,,0,45,,6289,5,,,0,85,,6291,5,,,0,85,,6290,5,,,0,85,,6293,5,,,0,45,,6300,5,,,0,85,,6296,5,,,0,85,,6294,5,,,0,85,,6292,5,,,0
