100,'312abbf0-fdea-4eb9-96c5-7a94145aceb2',700,,4687,31,,,0,36,,4688,31,,,0,73,,4674,31,,,0,33,,4683,31,,,0,73,,4679,31,,,0,33,,4671,31,,,0,73,,4680,31,,,0,33,,4676,31,,,0,73,,4675,31,,,0,73,,4669,31,,,0,33,,4673,31,,,0,73,,4693,31,,,0,36,,4697,31,,,0,75,,4690,31,,,0,35,,4694,31,,,0,75,,4682,31,,,0,75,,4689,31,,,0,35,,4686,31,,,0,78,,4684,31,,,0,32,,4691,31,,,0,72,,4685,31,,,0,33,,4700,31,,,0,73,,4677,31,,,0,33,,4678,31,,,0,73,,4695,31,,,0,73,,4696,31,,,0,33,,4698,31,,,0,73,,4672,31,,,0,30,,4699,31,,,0,60,,4668,31,,,0,30,,4670,34,,,0,23,,4681,34,,,0
100,'66e3ca25-c949-45bf-aa5b-2bde8ae66f69',809,,4721,31,,,0,33,,4711,31,,,0,73,,4712,31,,,0,33,,4702,31,,,0,73,,4719,31,,,0,33,,4701,31,,,0,73,,4705,31,,,0,73,,4714,31,,,0,33,,4715,31,,,0,73,,4716,31,,,0,33,,4720,31,,,0,73,,4709,31,,,0,33,,4708,31,,,0,73,,4710,31,,,0,33,,4706,31,,,0,73,,4717,31,,,0,33,,4707,31,,,0,73,,4718,31,,,0,73,,4704,31,,,0,33,,4713,34,,,0,65,,4703,34,,,0
100,'9ba31bfb-7050-4158-afae-0ffd0d63aa0c',809,,4732,31,,,0,33,,4733,31,,,0,73,,4725,31,,,0,33,,4744,31,,,0,73,,4724,31,,,0,33,,4736,31,,,0,73,,4726,31,,,0,73,,4727,31,,,0,33,,4734,31,,,0,73,,4731,31,,,0,33,,4738,31,,,0,73,,4723,31,,,0,33,,4743,31,,,0,73,,4729,31,,,0,33,,4742,31,,,0,73,,4737,31,,,0,33,,4722,31,,,0,73,,4735,31,,,0,73,,4741,31,,,0,33,,4730,34,,,0,65,,4728,34,,,0
100,'a6a1e58d-53c4-44f8-9966-8649a3a2e257',606,,4746,31,,,0,28,,4777,31,,,0,69,,4750,31,,,0,33,,4776,31,,,0,73,,4759,31,,,0,33,,4764,31,,,0,73,,4778,31,,,0,33,,4754,31,,,0,73,,4747,31,,,0,33,,4757,31,,,0,73,,4758,31,,,0,73,,4768,31,,,0,33,,4761,31,,,0,73,,4766,31,,,0,36,,4762,31,,,0,75,,4749,31,,,0,35,,4767,31,,,0,75,,4772,31,,,0,75,,4771,31,,,0,35,,4774,31,,,0,75,,4752,31,,,0,35,,4769,31,,,0,72,,4748,31,,,0,33,,4770,31,,,0,73,,4745,31,,,0,33,,4760,31,,,0,73,,4773,31,,,0,73,,4751,31,,,0,33,,4753,31,,,0,73,,4763,31,,,0,30,,4779,31,,,0,60,,4755,31,,,0,30,,4765,34,,,0,23,,4756,34,,,0
100,'cdcafeae-7da3-4ec3-beeb-64e1ab4dbc4b',809,,4799,31,,,0,33,,4791,31,,,0,73,,4788,31,,,0,33,,4797,31,,,0,73,,4802,31,,,0,33,,4790,31,,,0,73,,4801,31,,,0,73,,4784,31,,,0,33,,4795,31,,,0,73,,4800,31,,,0,33,,4789,31,,,0,73,,4798,31,,,0,33,,4780,31,,,0,73,,4782,31,,,0,33,,4792,31,,,0,73,,4781,31,,,0,33,,4783,31,,,0,73,,4794,31,,,0,73,,4793,31,,,0,33,,4785,34,,,0,65,,4787,34,,,0
101,'312abbf0-fdea-4eb9-96c5-7a94145aceb2',712,,4804,122,,,0,33,,4823,122,,,0,73,,4825,122,,,0,33,,4818,122,,,0,73,,4805,122,,,0,33,,4835,122,,,0,73,,4814,122,,,0,73,,4827,122,,,0,33,,4809,122,,,0,73,,4811,122,,,0,33,,4834,122,,,0,73,,4816,122,,,0,37,,4829,122,,,0,75,,4836,122,,,0,75,,4832,122,,,0,35,,4813,122,,,0,75,,4815,122,,,0,35,,4826,122,,,0,75,,4824,122,,,0,35,,4819,122,,,0,71,,4806,122,,,0,73,,4828,122,,,0,33,,4808,122,,,0,73,,4821,122,,,0,33,,4810,122,,,0,73,,4822,122,,,0,33,,4807,122,,,0,70,,4831,122,,,0,24,,4817,122,,,0,70,,4820,122,,,0,30,,4833,122,,,0,10,,4830,125,,,0
101,'66e3ca25-c949-45bf-aa5b-2bde8ae66f69',818,,4856,122,,,0,33,,4843,122,,,0,73,,4844,122,,,0,33,,4842,122,,,0,73,,4837,122,,,0,73,,4854,122,,,0,33,,4852,122,,,0,73,,4841,122,,,0,33,,4839,122,,,0,73,,4847,122,,,0,33,,4858,122,,,0,73,,4853,122,,,0,33,,4838,122,,,0,73,,4849,122,,,0,73,,4840,122,,,0,33,,4851,122,,,0,73,,4848,122,,,0,33,,4857,122,,,0,73,,4850,122,,,0,33,,4855,122,,,0
101,'9ba31bfb-7050-4158-afae-0ffd0d63aa0c',818,,4872,122,,,0,33,,4880,122,,,0,73,,4859,122,,,0,33,,4877,122,,,0,73,,4869,122,,,0,73,,4866,122,,,0,33,,4870,122,,,0,73,,4861,122,,,0,33,,4876,122,,,0,73,,4863,122,,,0,33,,4879,122,,,0,73,,4867,122,,,0,33,,4868,122,,,0,73,,4860,122,,,0,73,,4864,122,,,0,33,,4875,122,,,0,73,,4871,122,,,0,33,,4865,122,,,0,73,,4873,122,,,0,33,,4874,122,,,0
101,'a6a1e58d-53c4-44f8-9966-8649a3a2e257',610,,4912,122,,,0,26,,4882,122,,,0,76,,4892,122,,,0,33,,4885,122,,,0,73,,4896,122,,,0,33,,4907,122,,,0,73,,4898,122,,,0,33,,4909,122,,,0,73,,4897,122,,,0,73,,4911,122,,,0,33,,4906,122,,,0,73,,4894,122,,,0,33,,4886,122,,,0,73,,4881,122,,,0,37,,4903,122,,,0,75,,4884,122,,,0,75,,4895,122,,,0,35,,4908,122,,,0,75,,4887,122,,,0,35,,4902,122,,,0,75,,4901,122,,,0,35,,4893,122,,,0,71,,4915,122,,,0,73,,4899,122,,,0,33,,4910,122,,,0,73,,4891,122,,,0,33,,4888,122,,,0,73,,4904,122,,,0,33,,4913,122,,,0,70,,4883,122,,,0,24,,4890,122,,,0,70,,4900,122,,,0,30,,4905,122,,,0,10,,4889,125,,,0
101,'cdcafeae-7da3-4ec3-beeb-64e1ab4dbc4b',818,,4934,122,,,0,33,,4929,122,,,0,73,,4916,122,,,0,33,,4920,122,,,0,73,,4925,122,,,0,73,,4933,122,,,0,33,,4937,122,,,0,73,,4917,122,,,0,33,,4935,122,,,0,73,,4931,122,,,0,33,,4924,122,,,0,73,,4919,122,,,0,33,,4932,122,,,0,73,,4921,122,,,0,73,,4923,122,,,0,33,,4926,122,,,0,73,,4927,122,,,0,33,,4918,122,,,0,73,,4936,122,,,0,33,,4922,122,,,0
200,'312abbf0-fdea-4eb9-96c5-7a94145aceb2',719,,4945,36,,,0,33,,4943,36,,,0,73,,4950,36,,,0,33,,4953,36,,,0,73,,4939,36,,,0,73,,4963,36,,,0,33,,4966,36,,,0,73,,4956,36,,,0,33,,4949,36,,,0,73,,4969,36,,,0,33,,4940,36,,,0,76,,4959,36,,,0,75,,4955,36,,,0,35,,4942,36,,,0,75,,4964,36,,,0,35,,4938,36,,,0,75,,4965,36,,,0,35,,4968,36,,,0,75,,4957,36,,,0,72,,4961,36,,,0,33,,4971,36,,,0,73,,4958,36,,,0,33,,4948,36,,,0,73,,4946,36,,,0,33,,4962,36,,,0,73,,4954,36,,,0,33,,4970,36,,,0,71,,4947,36,,,0,26,,4944,36,,,0,70,,4960,36,,,0,20,,4952,36,,,0
200,'66e3ca25-c949-45bf-aa5b-2bde8ae66f69',825,,4988,36,,,0,33,,4976,36,,,0,73,,4980,36,,,0,73,,4985,36,,,0,33,,4974,36,,,0,73,,4972,36,,,0,33,,4989,36,,,0,73,,4991,36,,,0,33,,4984,36,,,0,73,,4979,36,,,0,33,,4990,36,,,0,73,,4977,36,,,0,73,,4975,36,,,0,33,,4978,36,,,0,73,,4993,36,,,0,33,,4983,36,,,0,73,,4982,36,,,0,33,,4986,36,,,0,73,,4992,36,,,0,28,,4973,36,,,0
200,'9ba31bfb-7050-4158-afae-0ffd0d63aa0c',825,,5012,36,,,0,33,,4997,36,,,0,73,,5000,36,,,0,73,,5009,36,,,0,33,,4998,36,,,0,73,,5008,36,,,0,33,,5011,36,,,0,73,,5010,36,,,0,33,,5015,36,,,0,73,,5003,36,,,0,33,,5001,36,,,0,73,,5004,36,,,0,73,,5014,36,,,0,33,,5007,36,,,0,73,,4995,36,,,0,33,,5006,36,,,0,73,,5002,36,,,0,33,,4999,36,,,0,73,,5005,36,,,0,28,,4994,36,,,0
200,'a6a1e58d-53c4-44f8-9966-8649a3a2e257',611,,5028,36,,,0,35,,5048,36,,,0,73,,5035,36,,,0,33,,5027,36,,,0,73,,5025,36,,,0,33,,5033,36,,,0,73,,5034,36,,,0,73,,5040,36,,,0,33,,5041,36,,,0,73,,5037,36,,,0,33,,5020,36,,,0,73,,5044,36,,,0,33,,5042,36,,,0,76,,5047,36,,,0,75,,5038,36,,,0,35,,5024,36,,,0,75,,5050,36,,,0,35,,5017,36,,,0,75,,5043,36,,,0,35,,5031,36,,,0,75,,5036,36,,,0,72,,5045,36,,,0,33,,5016,36,,,0,73,,5018,36,,,0,33,,5023,36,,,0,73,,5021,36,,,0,33,,5029,36,,,0,73,,5030,36,,,0,33,,5049,36,,,0,73,,5022,36,,,0,24,,5046,36,,,0,70,,5019,36,,,0,20,,5039,36,,,0
200,'cdcafeae-7da3-4ec3-beeb-64e1ab4dbc4b',825,,5061,36,,,0,33,,5070,36,,,0,73,,5054,36,,,0,73,,5058,36,,,0,33,,5069,36,,,0,73,,5051,36,,,0,33,,5060,36,,,0,73,,5071,36,,,0,33,,5056,36,,,0,73,,5053,36,,,0,33,,5057,36,,,0,73,,5064,36,,,0,73,,5066,36,,,0,33,,5059,36,,,0,73,,5063,36,,,0,33,,5067,36,,,0,73,,5055,36,,,0,33,,5062,36,,,0,73,,5068,36,,,0,28,,5065,36,,,0
201,'312abbf0-fdea-4eb9-96c5-7a94145aceb2',729,,5074,152,,,0,73,,5084,152,,,0,33,,5090,152,,,0,73,,5096,152,,,0,33,,5091,152,,,0,73,,5102,152,,,0,33,,5081,152,,,0,73,,5095,152,,,0,33,,5103,152,,,0,73,,5086,152,,,0,33,,5080,152,,,0,77,,5087,152,,,0,75,,5085,152,,,0,35,,5075,152,,,0,75,,5079,152,,,0,35,,5094,152,,,0,75,,5078,152,,,0,75,,5099,152,,,0,35,,5101,152,,,0,71,,5088,152,,,0,33,,5097,152,,,0,73,,5083,152,,,0,33,,5098,152,,,0,73,,5082,152,,,0,33,,5076,152,,,0,73,,5093,152,,,0,73,,5100,152,,,0,26,,5104,152,,,0,30,,5073,152,,,0,70,,5089,152,,,0,25,,5092,152,,,0
201,'66e3ca25-c949-45bf-aa5b-2bde8ae66f69',835,,5110,152,,,0,73,,5123,152,,,0,33,,5109,152,,,0,73,,5116,152,,,0,33,,5120,152,,,0,73,,5122,152,,,0,33,,5121,152,,,0,73,,5114,152,,,0,33,,5115,152,,,0,73,,5105,152,,,0,73,,5107,152,,,0,33,,5111,152,,,0,73,,5124,152,,,0,33,,5119,152,,,0,73,,5118,152,,,0,33,,5108,152,,,0,73,,5113,152,,,0,33,,5112,152,,,0,73,,5117,152,,,0,73,,5106,152,,,0
201,'9ba31bfb-7050-4158-afae-0ffd0d63aa0c',835,,5136,152,,,0,73,,5134,152,,,0,33,,5135,152,,,0,73,,5139,152,,,0,33,,5138,152,,,0,73,,5126,152,,,0,33,,5125,152,,,0,73,,5128,152,,,0,33,,5143,152,,,0,73,,5140,152,,,0,73,,5142,152,,,0,33,,5133,152,,,0,73,,5145,152,,,0,33,,5130,152,,,0,73,,5146,152,,,0,33,,5127,152,,,0,73,,5141,152,,,0,33,,5132,152,,,0,73,,5129,152,,,0,73,,5137,152,,,0
201,'a6a1e58d-53c4-44f8-9966-8649a3a2e257',623,,5156,152,,,0,33,,5169,152,,,0,73,,5158,152,,,0,73,,5164,152,,,0,33,,5147,152,,,0,73,,5173,152,,,0,33,,5171,152,,,0,73,,5160,152,,,0,33,,5177,152,,,0,73,,5172,152,,,0,33,,5162,152,,,0,73,,5153,152,,,0,33,,5181,152,,,0,77,,5165,152,,,0,75,,5174,152,,,0,35,,5166,152,,,0,75,,5178,152,,,0,35,,5155,152,,,0,75,,5167,152,,,0,75,,5148,152,,,0,33,,5152,152,,,0,73,,5179,152,,,0,33,,5168,152,,,0,73,,5159,152,,,0,33,,5157,152,,,0,73,,5161,152,,,0,33,,5175,152,,,0,73,,5170,152,,,0,73,,5180,152,,,0,26,,5149,152,,,0,30,,5163,152,,,0,70,,5176,152,,,0,25,,5151,152,,,0
201,'cdcafeae-7da3-4ec3-beeb-64e1ab4dbc4b',835,,5194,152,,,0,73,,5186,152,,,0,33,,5191,152,,,0,73,,5183,152,,,0,33,,5187,152,,,0,73,,5193,152,,,0,33,,5190,152,,,0,73,,5201,152,,,0,33,,5199,152,,,0,73,,5198,152,,,0,73,,5195,152,,,0,33,,5189,152,,,0,73,,5184,152,,,0,33,,5182,152,,,0,73,,5202,152,,,0,33,,5203,152,,,0,73,,5188,152,,,0,33,,5196,152,,,0,73,,5197,152,,,0,73,,5200,152,,,0
5300,'312abbf0-fdea-4eb9-96c5-7a94145aceb2',700,,5915,0,,,0,30,,5895,0,,,0,70,,5899,0,,,0,30,,5894,0,,,0,70,,5902,0,,,0,30,,5911,0,,,0,70,,5916,0,,,0,30,,5913,0,,,0,70,,5898,0,,,0,30,,5908,0,,,0,70,,5900,0,,,0,30,,5914,0,,,0,70,,5897,0,,,0,30,,5896,0,,,0,70,,5905,0,,,0,35,,5904,0,,,0,75,,5910,0,,,0,35,,5907,0,,,0,75,,5909,0,,,0,35,,5906,0,,,0,75,,5903,0,,,0,75,,5901,0,,,0,30,,5912,0,,,0
5300,'a6a1e58d-53c4-44f8-9966-8649a3a2e257',600,,5927,0,,,0,30,,5917,0,,,0,70,,5922,0,,,0,30,,5935,0,,,0,70,,5936,0,,,0,30,,5921,0,,,0,70,,5929,0,,,0,30,,5925,0,,,0,70,,5926,0,,,0,30,,5939,0,,,0,70,,5931,0,,,0,30,,5923,0,,,0,70,,5930,0,,,0,30,,5938,0,,,0,70,,5918,0,,,0,30,,5932,0,,,0,70,,5940,0,,,0,35,,5937,0,,,0,75,,5934,0,,,0,35,,5920,0,,,0,75,,5924,0,,,0,35,,5919,0,,,0,75,,5941,0,,,0,75,,5928,0,,,0,30,,5933,0,,,0
5301,'312abbf0-fdea-4eb9-96c5-7a94145aceb2',724,,5951,96,4,,0,30,,5954,96,4,,0,70,,5948,96,4,,0,30,,5942,96,4,,0,70,,5955,96,4,,0,30,,5947,96,4,,0,70,,5957,96,4,,0,30,,5959,96,4,,0,70,,5950,96,4,,0,30,,5953,96,4,,0,70,,5962,96,4,,0,30,,5956,96,4,,0,70,,5960,96,4,,0,30,,5943,96,4,,0,75,,5952,96,4,,0,75,,5949,96,4,,0,35,,5945,96,4,,0,75,,5961,96,4,,0,35,,5958,96,4,,0,75,,5946,96,4,,0,35,,5963,96,4,,0,75,,5944,96,4,,0
5301,'a6a1e58d-53c4-44f8-9966-8649a3a2e257',623,,5968,96,4,,0,30,,5976,96,4,,0,71,,5981,96,4,,0,30,,5980,96,4,,0,70,,5979,96,4,,0,30,,5967,96,4,,0,70,,5984,96,4,,0,30,,5986,96,4,,0,70,,5964,96,4,,0,30,,5966,96,4,,0,70,,5978,96,4,,0,30,,5974,96,4,,0,70,,5973,96,4,,0,30,,5975,96,4,,0,70,,5983,96,4,,0,30,,5971,96,4,,0,75,,5972,96,4,,0,75,,5987,96,4,,0,35,,5970,96,4,,0,75,,5977,96,4,,0,35,,5985,96,4,,0,75,,5969,96,4,,0,35,,5982,96,4,,0,75,,5965,96,4,,0
