200,'312abbf0-fdea-4eb9-96c5-7a94145aceb2',705,,4967,130,,,0,33,,4945,130,,,0,73,,4943,130,,,0,33,,4950,130,,,0,73,,4953,130,,,0,33,,4939,130,,,0,73,,4963,130,,,0,33,,4966,130,,,0,73,,4956,130,,,0,73,,4949,130,,,0,33,,4969,130,,,0,73,,4940,130,,,0,37,,4959,130,,,0,75,,4955,130,,,0,35,,4942,130,,,0,75,,4941,130,,,0,75,,4951,130,,,0,35,,4965,130,,,0,75,,4968,130,,,0,35,,4957,130,,,0,71,,4961,130,,,0,33,,4971,130,,,0,73,,4958,130,,,0,73,,4948,130,,,0,33,,4946,130,,,0,73,,4962,130,,,0,33,,4954,130,,,0,73,,4970,130,,,0,28,,4947,130,,,0,66,,4944,130,,,0,30,,4960,130,,,0
200,'66e3ca25-c949-45bf-aa5b-2bde8ae66f69',811,,4981,130,,,0,33,,4988,130,,,0,73,,4976,130,,,0,33,,4980,130,,,0,73,,4985,130,,,0,33,,4974,130,,,0,73,,4972,130,,,0,73,,4989,130,,,0,33,,4991,130,,,0,73,,4984,130,,,0,33,,4987,130,,,0,73,,4990,130,,,0,33,,4977,130,,,0,73,,4975,130,,,0,33,,4978,130,,,0,73,,4993,130,,,0,33,,4983,130,,,0,73,,4982,130,,,0,73,,4986,130,,,0,33,,4992,130,,,0
200,'9ba31bfb-7050-4158-afae-0ffd0d63aa0c',811,,4996,130,,,0,33,,5012,130,,,0,73,,4997,130,,,0,33,,5000,130,,,0,73,,5009,130,,,0,33,,4998,130,,,0,73,,5008,130,,,0,73,,5011,130,,,0,33,,5010,130,,,0,73,,5015,130,,,0,33,,5013,130,,,0,73,,5001,130,,,0,33,,5004,130,,,0,73,,5014,130,,,0,33,,5007,130,,,0,73,,4995,130,,,0,33,,5006,130,,,0,73,,5002,130,,,0,73,,4999,130,,,0,33,,5005,130,,,0
200,'a6a1e58d-53c4-44f8-9966-8649a3a2e257',606,,5032,130,,,0,24,,5028,130,,,0,75,,5048,130,,,0,33,,5035,130,,,0,73,,5027,130,,,0,33,,5025,130,,,0,73,,5033,130,,,0,33,,5034,130,,,0,73,,5040,130,,,0,33,,5041,130,,,0,73,,5037,130,,,0,73,,5020,130,,,0,33,,5044,130,,,0,73,,5042,130,,,0,37,,5026,130,,,0,75,,5038,130,,,0,35,,5024,130,,,0,75,,5050,130,,,0,75,,5017,130,,,0,35,,5043,130,,,0,75,,5031,130,,,0,35,,5036,130,,,0,71,,5045,130,,,0,33,,5016,130,,,0,73,,5018,130,,,0,73,,5023,130,,,0,33,,5021,130,,,0,73,,5029,130,,,0,33,,5030,130,,,0,73,,5049,130,,,0,28,,5022,130,,,0,66,,5046,130,,,0,30,,5019,130,,,0
200,'cdcafeae-7da3-4ec3-beeb-64e1ab4dbc4b',811,,5052,130,,,0,33,,5061,130,,,0,73,,5070,130,,,0,33,,5054,130,,,0,73,,5058,130,,,0,33,,5069,130,,,0,73,,5051,130,,,0,73,,5060,130,,,0,33,,5071,130,,,0,73,,5056,130,,,0,33,,5072,130,,,0,73,,5057,130,,,0,33,,5064,130,,,0,73,,5066,130,,,0,33,,5059,130,,,0,73,,5063,130,,,0,33,,5067,130,,,0,73,,5055,130,,,0,73,,5062,130,,,0,33,,5068,130,,,0
301,'312abbf0-fdea-4eb9-96c5-7a94145aceb2',724,,5338,20,,,0,33,,5358,20,,,0,73,,5352,20,,,0,73,,5340,20,,,0,33,,5355,20,,,0,73,,5342,20,,,0,33,,5359,20,,,0,73,,5357,20,,,0,33,,5343,20,,,0,73,,5337,20,,,0,35,,5350,20,,,0,75,,5354,20,,,0,75,,5364,20,,,0,35,,5356,20,,,0,75,,5344,20,,,0,35,,5348,20,,,0,75,,5347,20,,,0,75,,5339,20,,,0,35,,5345,20,,,0,73,,5367,20,,,0,34,,5351,20,,,0,73,,5365,20,,,0,33,,5366,20,,,0,73,,5363,20,,,0,33,,5361,20,,,0,73,,5353,20,,,0,73,,5349,20,,,0,33,,5346,20,,,0,20,,5360,20,,,0,70,,5362,20,,,0,25,,5341,20,,,0
301,'66e3ca25-c949-45bf-aa5b-2bde8ae66f69',757,,5380,20,,,0,73,,5386,20,,,0,73,,5377,20,,,0,33,,5368,20,,,0,73,,5378,20,,,0,33,,5371,20,,,0,73,,5385,20,,,0,33,,5383,20,,,0,73,,5388,20,,,0,33,,5373,20,,,0,73,,5379,20,,,0,73,,5372,20,,,0,33,,5369,20,,,0,73,,5381,20,,,0,33,,5376,20,,,0,73,,5375,20,,,0,33,,5370,20,,,0,73,,5384,20,,,0,33,,5387,20,,,0,73,,5374,20,,,0,25,,5382,20,,,0
301,'9ba31bfb-7050-4158-afae-0ffd0d63aa0c',757,,5409,20,,,0,73,,5389,20,,,0,73,,5406,20,,,0,33,,5405,20,,,0,73,,5391,20,,,0,33,,5400,20,,,0,73,,5393,20,,,0,33,,5401,20,,,0,73,,5397,20,,,0,33,,5390,20,,,0,73,,5402,20,,,0,73,,5399,20,,,0,33,,5408,20,,,0,73,,5394,20,,,0,33,,5395,20,,,0,73,,5396,20,,,0,33,,5404,20,,,0,73,,5392,20,,,0,33,,5407,20,,,0,73,,5398,20,,,0,25,,5403,20,,,0
301,'a6a1e58d-53c4-44f8-9966-8649a3a2e257',619,,5411,20,,,0,32,,5424,20,,,0,73,,5430,20,,,0,33,,5442,20,,,0,73,,5440,20,,,0,73,,5428,20,,,0,33,,5414,20,,,0,73,,5441,20,,,0,33,,5426,20,,,0,73,,5415,20,,,0,33,,5423,20,,,0,73,,5421,20,,,0,35,,5433,20,,,0,75,,5427,20,,,0,75,,5437,20,,,0,35,,5425,20,,,0,75,,5435,20,,,0,35,,5413,20,,,0,75,,5429,20,,,0,75,,5422,20,,,0,35,,5420,20,,,0,73,,5438,20,,,0,34,,5432,20,,,0,73,,5439,20,,,0,33,,5417,20,,,0,73,,5410,20,,,0,33,,5436,20,,,0,73,,5418,20,,,0,73,,5412,20,,,0,33,,5419,20,,,0,20,,5434,20,,,0,70,,5431,20,,,0,25,,5416,20,,,0
301,'cdcafeae-7da3-4ec3-beeb-64e1ab4dbc4b',757,,5459,20,,,0,73,,5447,20,,,0,73,,5455,20,,,0,33,,5462,20,,,0,73,,5468,20,,,0,33,,5446,20,,,0,73,,5465,20,,,0,33,,5449,20,,,0,73,,5452,20,,,0,33,,5451,20,,,0,73,,5456,20,,,0,73,,5454,20,,,0,33,,5464,20,,,0,73,,5448,20,,,0,33,,5461,20,,,0,73,,5458,20,,,0,33,,5444,20,,,0,73,,5469,20,,,0,33,,5445,20,,,0,73,,5457,20,,,0,25,,5460,20,,,0,73,,5467,20,,,0,33,,5450,20,,,0,73,,5470,20,,,0,73,,5466,20,,,0,33,,5443,20,,,0,73,,5453,20,,,0,33,,5463,20,,,0
