100,'312abbf0-fdea-4eb9-96c5-7a94145aceb2',710,,4687,106,,,0,36,,4688,106,,,0,73,,4674,106,,,0,33,,4683,106,,,0,73,,4679,106,,,0,33,,4671,106,,,0,73,,4680,106,,,0,73,,4676,106,,,0,33,,4675,106,,,0,73,,4669,106,,,0,33,,4673,106,,,0,73,,4693,106,,,0,37,,4697,106,,,0,75,,4690,106,,,0,75,,4694,106,,,0,35,,4682,106,,,0,75,,4689,106,,,0,35,,4686,106,,,0,75,,4684,106,,,0,35,,4691,106,,,0,71,,4685,106,,,0,73,,4700,106,,,0,33,,4677,106,,,0,73,,4678,106,,,0,33,,4695,106,,,0,73,,4696,106,,,0,33,,4698,106,,,0,73,,4672,106,,,0,30,,4699,106,,,0,58,,4668,106,,,0,30,,4670,115,,,0,63,,4681,115,,,0
100,'66e3ca25-c949-45bf-aa5b-2bde8ae66f69',819,,4721,106,,,0,33,,4711,106,,,0,73,,4712,106,,,0,33,,4702,106,,,0,73,,4719,106,,,0,73,,4701,106,,,0,33,,4705,106,,,0,73,,4714,106,,,0,33,,4715,106,,,0,73,,4716,106,,,0,33,,4720,106,,,0,73,,4709,106,,,0,33,,4708,106,,,0,73,,4710,106,,,0,73,,4706,106,,,0,33,,4717,106,,,0,73,,4707,106,,,0,33,,4718,106,,,0,73,,4704,106,,,0,33,,4713,115,,,0,65,,4703,115,,,0
100,'9ba31bfb-7050-4158-afae-0ffd0d63aa0c',819,,4732,106,,,0,33,,4733,106,,,0,73,,4725,106,,,0,33,,4744,106,,,0,73,,4724,106,,,0,73,,4736,106,,,0,33,,4726,106,,,0,73,,4727,106,,,0,33,,4734,106,,,0,73,,4731,106,,,0,33,,4738,106,,,0,73,,4723,106,,,0,33,,4743,106,,,0,73,,4729,106,,,0,73,,4742,106,,,0,33,,4737,106,,,0,73,,4722,106,,,0,33,,4735,106,,,0,73,,4741,106,,,0,33,,4730,115,,,0,65,,4728,115,,,0
100,'a6a1e58d-53c4-44f8-9966-8649a3a2e257',616,,4746,106,,,0,28,,4777,106,,,0,69,,4750,106,,,0,33,,4776,106,,,0,73,,4759,106,,,0,33,,4764,106,,,0,73,,4778,106,,,0,33,,4754,106,,,0,73,,4747,106,,,0,73,,4757,106,,,0,33,,4758,106,,,0,73,,4768,106,,,0,33,,4761,106,,,0,73,,4766,106,,,0,37,,4762,106,,,0,75,,4749,106,,,0,75,,4767,106,,,0,35,,4772,106,,,0,75,,4771,106,,,0,35,,4774,106,,,0,75,,4752,106,,,0,35,,4769,106,,,0,71,,4748,106,,,0,73,,4770,106,,,0,33,,4745,106,,,0,73,,4760,106,,,0,33,,4773,106,,,0,73,,4751,106,,,0,33,,4753,106,,,0,73,,4763,106,,,0,30,,4779,106,,,0,58,,4755,106,,,0,30,,4765,115,,,0,63,,4756,115,,,0
100,'cdcafeae-7da3-4ec3-beeb-64e1ab4dbc4b',819,,4799,106,,,0,33,,4791,106,,,0,73,,4788,106,,,0,33,,4797,106,,,0,73,,4802,106,,,0,73,,4790,106,,,0,33,,4801,106,,,0,73,,4784,106,,,0,33,,4795,106,,,0,73,,4800,106,,,0,33,,4789,106,,,0,73,,4798,106,,,0,33,,4780,106,,,0,73,,4782,106,,,0,73,,4792,106,,,0,33,,4781,106,,,0,73,,4783,106,,,0,33,,4794,106,,,0,73,,4793,106,,,0,33,,4785,115,,,0,65,,4787,115,,,0
200,'312abbf0-fdea-4eb9-96c5-7a94145aceb2',729,,4945,98,,,0,73,,4943,98,,,0,33,,4950,98,,,0,73,,4953,98,,,0,33,,4939,98,,,0,73,,4963,98,,,0,33,,4966,98,,,0,73,,4956,98,,,0,33,,4949,98,,,0,73,,4969,98,,,0,33,,4940,98,,,0,77,,4959,98,,,0,75,,4955,98,,,0,35,,4942,98,,,0,75,,4964,98,,,0,35,,4938,98,,,0,75,,4965,98,,,0,75,,4968,98,,,0,35,,4957,98,,,0,71,,4961,98,,,0,33,,4971,98,,,0,73,,4958,98,,,0,33,,4948,98,,,0,73,,4946,98,,,0,33,,4962,98,,,0,73,,4954,98,,,0,73,,4970,98,,,0,29,,4947,98,,,0,26,,4944,98,,,0,70,,4960,98,,,0,20,,4952,98,,,0
200,'66e3ca25-c949-45bf-aa5b-2bde8ae66f69',835,,4988,98,,,0,73,,4976,98,,,0,33,,4980,98,,,0,73,,4985,98,,,0,33,,4974,98,,,0,73,,4972,98,,,0,33,,4989,98,,,0,73,,4991,98,,,0,33,,4984,98,,,0,73,,4979,98,,,0,73,,4990,98,,,0,33,,4977,98,,,0,73,,4975,98,,,0,33,,4978,98,,,0,73,,4993,98,,,0,33,,4983,98,,,0,73,,4982,98,,,0,33,,4986,98,,,0,73,,4992,98,,,0,28,,4973,98,,,0
200,'9ba31bfb-7050-4158-afae-0ffd0d63aa0c',835,,5012,98,,,0,73,,4997,98,,,0,33,,5000,98,,,0,73,,5009,98,,,0,33,,4998,98,,,0,73,,5008,98,,,0,33,,5011,98,,,0,73,,5010,98,,,0,33,,5015,98,,,0,73,,5003,98,,,0,73,,5001,98,,,0,33,,5004,98,,,0,73,,5014,98,,,0,33,,5007,98,,,0,73,,4995,98,,,0,33,,5006,98,,,0,73,,5002,98,,,0,33,,4999,98,,,0,73,,5005,98,,,0,28,,4994,98,,,0
200,'a6a1e58d-53c4-44f8-9966-8649a3a2e257',621,,5028,98,,,0,35,,5048,98,,,0,73,,5035,98,,,0,73,,5027,98,,,0,33,,5025,98,,,0,73,,5033,98,,,0,33,,5034,98,,,0,73,,5040,98,,,0,33,,5041,98,,,0,73,,5037,98,,,0,33,,5020,98,,,0,73,,5044,98,,,0,33,,5042,98,,,0,77,,5047,98,,,0,75,,5038,98,,,0,35,,5024,98,,,0,75,,5050,98,,,0,35,,5017,98,,,0,75,,5043,98,,,0,75,,5031,98,,,0,35,,5036,98,,,0,71,,5045,98,,,0,33,,5016,98,,,0,73,,5018,98,,,0,33,,5023,98,,,0,73,,5021,98,,,0,33,,5029,98,,,0,73,,5030,98,,,0,73,,5049,98,,,0,29,,5022,98,,,0,26,,5046,98,,,0,70,,5019,98,,,0,20,,5039,98,,,0
200,'cdcafeae-7da3-4ec3-beeb-64e1ab4dbc4b',835,,5061,98,,,0,73,,5070,98,,,0,33,,5054,98,,,0,73,,5058,98,,,0,33,,5069,98,,,0,73,,5051,98,,,0,33,,5060,98,,,0,73,,5071,98,,,0,33,,5056,98,,,0,73,,5053,98,,,0,73,,5057,98,,,0,33,,5064,98,,,0,73,,5066,98,,,0,33,,5059,98,,,0,73,,5063,98,,,0,33,,5067,98,,,0,73,,5055,98,,,0,33,,5062,98,,,0,73,,5068,98,,,0,28,,5065,98,,,0
1006001,'a6a1e58d-53c4-44f8-9966-8649a3a2e257',647,,6053,6,,,0,100,,6051,6,,,0,105,,6049,6,,,0,100,,6055,6,,,0,100,,6059,6,,,0,100,,6058,6,,,0,100,,6052,6,,,0,100,,6056,6,,,0,105,,6057,6,,,0,100,,6060,6,,,0,100,,6054,6,,,0,100,,6050,6,,,0
2006001,'a6a1e58d-53c4-44f8-9966-8649a3a2e257',717,,6114,6,,,0,100,,6119,6,,,0,105,,6117,6,,,0,100,,6120,6,,,0,100,,6121,6,,,0,100,,6110,6,,,0,100,,6115,6,,,0,100,,6116,6,,,0,105,,6113,6,,,0,100,,6111,6,,,0,100,,6118,6,,,0,100,,6112,6,,,0
3006001,'312abbf0-fdea-4eb9-96c5-7a94145aceb2',721,,6242,8,,,0,85,,6231,8,,,0,45,,6236,8,,,0,85,,6240,8,,,0,85,,6243,8,,,0,85,,6237,8,,,0,45,,6246,8,,,0,85,,6244,8,,,0,85,,6234,8,,,0,85,,6245,8,,,0,45,,6233,8,,,0,85,,6250,8,,,0,85,,6247,8,,,0,85,,6239,8,,,0,45,,6241,8,,,0,85,,6251,8,,,0,85,,6252,8,,,0,85,,6235,8,,,0,45,,6248,8,,,0,85,,6249,8,,,0,85,,6238,8,,,0,85,,6232,8,,,0
3006001,'66e3ca25-c949-45bf-aa5b-2bde8ae66f69',821,,6254,8,,,0,85,,6257,8,,,0,45,,6266,8,,,0,85,,6256,8,,,0,85,,6260,8,,,0,85,,6263,8,,,0,45,,6261,8,,,0,85,,6264,8,,,0,85,,6265,8,,,0,85,,6255,8,,,0,45,,6259,8,,,0,85,,6258,8,,,0,85,,6253,8,,,0,85,,6262,8,,,0
3006001,'9ba31bfb-7050-4158-afae-0ffd0d63aa0c',821,,6270,8,,,0,85,,6275,8,,,0,45,,6279,8,,,0,85,,6278,8,,,0,85,,6274,8,,,0,85,,6272,8,,,0,45,,6268,8,,,0,85,,6267,8,,,0,85,,6276,8,,,0,85,,6277,8,,,0,45,,6273,8,,,0,85,,6269,8,,,0,85,,6271,8,,,0,85,,6280,8,,,0
3006001,'a6a1e58d-53c4-44f8-9966-8649a3a2e257',1921,,6281,8,,,0,85,,6284,8,,,0,45,,6286,8,,,0,85,,6282,8,,,0,85,,6283,8,,,0,85,,6285,8,,,0
3006001,'cdcafeae-7da3-4ec3-beeb-64e1ab4dbc4b',821,,6287,8,,,0,85,,6297,8,,,0,45,,6298,8,,,0,85,,6295,8,,,0,85,,6299,8,,,0,85,,6288,8,,,0,45,,6289,8,,,0,85,,6291,8,,,0,85,,6290,8,,,0,85,,6293,8,,,0,45,,6300,8,,,0,85,,6296,8,,,0,85,,6294,8,,,0,85,,6292,8,,,0
