100,'312abbf0-fdea-4eb9-96c5-7a94145aceb2',658,,4687,13,,,0,76,,4688,13,,,0,73,,4674,13,,,0,33,,4683,13,,,0,73,,4679,13,,,0,33,,4671,13,,,0,73,,4680,13,,,0,33,,4676,13,,,0,73,,4675,13,,,0,33,,4669,13,,,0,73,,4673,13,,,0,73,,4693,13,,,0,36,,4697,13,,,0,75,,4690,13,,,0,35,,4694,13,,,0,75,,4682,13,,,0,75,,4689,13,,,0,35,,4686,13,,,0,77,,4684,13,,,0,33,,4691,13,,,0,72,,4685,13,,,0,33,,4700,13,,,0,73,,4677,13,,,0,33,,4678,13,,,0,73,,4695,13,,,0,73,,4696,13,,,0,33,,4698,13,,,0,73,,4672,13,,,0,30,,4699,13,,,0,20,,4668,13,,,0,70,,4670,13,,,0,23,,4681,13,,,0
100,'66e3ca25-c949-45bf-aa5b-2bde8ae66f69',807,,4721,13,,,0,33,,4711,13,,,0,73,,4712,13,,,0,33,,4702,13,,,0,73,,4719,13,,,0,33,,4701,13,,,0,73,,4705,13,,,0,33,,4714,13,,,0,73,,4715,13,,,0,73,,4716,13,,,0,33,,4720,13,,,0,73,,4709,13,,,0,33,,4708,13,,,0,73,,4710,13,,,0,33,,4706,13,,,0,73,,4717,13,,,0,33,,4707,13,,,0,73,,4718,13,,,0,73,,4704,13,,,0,33,,4713,13,,,0,25,,4703,13,,,0
100,'9ba31bfb-7050-4158-afae-0ffd0d63aa0c',807,,4732,13,,,0,33,,4733,13,,,0,73,,4725,13,,,0,33,,4744,13,,,0,73,,4724,13,,,0,33,,4736,13,,,0,73,,4726,13,,,0,33,,4727,13,,,0,73,,4734,13,,,0,73,,4731,13,,,0,33,,4738,13,,,0,73,,4723,13,,,0,33,,4743,13,,,0,73,,4729,13,,,0,33,,4742,13,,,0,73,,4737,13,,,0,33,,4722,13,,,0,73,,4735,13,,,0,73,,4741,13,,,0,33,,4730,13,,,0,25,,4728,13,,,0
100,'a6a1e58d-53c4-44f8-9966-8649a3a2e257',604,,4746,13,,,0,28,,4777,13,,,0,69,,4750,13,,,0,33,,4776,13,,,0,73,,4759,13,,,0,33,,4764,13,,,0,73,,4778,13,,,0,33,,4754,13,,,0,73,,4747,13,,,0,33,,4757,13,,,0,73,,4758,13,,,0,33,,4768,13,,,0,73,,4761,13,,,0,73,,4766,13,,,0,36,,4762,13,,,0,75,,4749,13,,,0,35,,4767,13,,,0,75,,4772,13,,,0,75,,4771,13,,,0,35,,4774,13,,,0,75,,4752,13,,,0,35,,4769,13,,,0,72,,4748,13,,,0,33,,4770,13,,,0,73,,4745,13,,,0,33,,4760,13,,,0,73,,4773,13,,,0,73,,4751,13,,,0,33,,4753,13,,,0,73,,4763,13,,,0,30,,4779,13,,,0,20,,4755,13,,,0,70,,4765,13,,,0,23,,4756,13,,,0
100,'cdcafeae-7da3-4ec3-beeb-64e1ab4dbc4b',807,,4799,13,,,0,33,,4791,13,,,0,73,,4788,13,,,0,33,,4797,13,,,0,73,,4802,13,,,0,33,,4790,13,,,0,73,,4801,13,,,0,33,,4784,13,,,0,73,,4795,13,,,0,73,,4800,13,,,0,33,,4789,13,,,0,73,,4798,13,,,0,33,,4780,13,,,0,73,,4782,13,,,0,33,,4792,13,,,0,73,,4781,13,,,0,33,,4783,13,,,0,73,,4794,13,,,0,73,,4793,13,,,0,33,,4785,13,,,0,25,,4787,13,,,0
101,'312abbf0-fdea-4eb9-96c5-7a94145aceb2',710,,4804,103,,,0,33,,4823,103,,,0,73,,4825,103,,,0,33,,4818,103,,,0,73,,4805,103,,,0,33,,4835,103,,,0,73,,4814,103,,,0,73,,4827,103,,,0,33,,4809,103,,,0,73,,4811,103,,,0,33,,4834,103,,,0,73,,4816,103,,,0,37,,4829,103,,,0,75,,4836,103,,,0,75,,4832,103,,,0,35,,4813,103,,,0,75,,4815,103,,,0,35,,4826,103,,,0,75,,4824,103,,,0,35,,4819,103,,,0,71,,4806,103,,,0,33,,4828,103,,,0,73,,4808,103,,,0,73,,4821,103,,,0,33,,4810,103,,,0,73,,4822,103,,,0,33,,4807,103,,,0,70,,4831,103,,,0,24,,4817,103,,,0,70,,4820,103,,,0,30,,4833,103,,,0,10,,4830,103,,,0
101,'66e3ca25-c949-45bf-aa5b-2bde8ae66f69',816,,4856,103,,,0,33,,4843,103,,,0,73,,4844,103,,,0,33,,4842,103,,,0,73,,4837,103,,,0,73,,4854,103,,,0,33,,4852,103,,,0,73,,4841,103,,,0,33,,4839,103,,,0,73,,4847,103,,,0,33,,4858,103,,,0,73,,4853,103,,,0,33,,4838,103,,,0,73,,4849,103,,,0,33,,4840,103,,,0,73,,4851,103,,,0,73,,4848,103,,,0,33,,4857,103,,,0,73,,4850,103,,,0,33,,4855,103,,,0
101,'9ba31bfb-7050-4158-afae-0ffd0d63aa0c',816,,4872,103,,,0,33,,4880,103,,,0,73,,4859,103,,,0,33,,4877,103,,,0,73,,4869,103,,,0,73,,4866,103,,,0,33,,4870,103,,,0,73,,4861,103,,,0,33,,4876,103,,,0,73,,4863,103,,,0,33,,4879,103,,,0,73,,4867,103,,,0,33,,4868,103,,,0,73,,4860,103,,,0,33,,4864,103,,,0,73,,4875,103,,,0,73,,4871,103,,,0,33,,4865,103,,,0,73,,4873,103,,,0,33,,4874,103,,,0
101,'a6a1e58d-53c4-44f8-9966-8649a3a2e257',608,,4912,103,,,0,26,,4882,103,,,0,76,,4892,103,,,0,33,,4885,103,,,0,73,,4896,103,,,0,33,,4907,103,,,0,73,,4898,103,,,0,33,,4909,103,,,0,73,,4897,103,,,0,73,,4911,103,,,0,33,,4906,103,,,0,73,,4894,103,,,0,33,,4886,103,,,0,73,,4881,103,,,0,37,,4903,103,,,0,75,,4884,103,,,0,75,,4895,103,,,0,35,,4908,103,,,0,75,,4887,103,,,0,35,,4902,103,,,0,75,,4901,103,,,0,35,,4893,103,,,0,71,,4915,103,,,0,33,,4899,103,,,0,73,,4910,103,,,0,73,,4891,103,,,0,33,,4888,103,,,0,73,,4904,103,,,0,33,,4913,103,,,0,70,,4883,103,,,0,24,,4890,103,,,0,70,,4900,103,,,0,30,,4905,103,,,0,10,,4889,103,,,0
101,'cdcafeae-7da3-4ec3-beeb-64e1ab4dbc4b',816,,4934,103,,,0,33,,4929,103,,,0,73,,4916,103,,,0,33,,4920,103,,,0,73,,4925,103,,,0,73,,4933,103,,,0,33,,4937,103,,,0,73,,4917,103,,,0,33,,4935,103,,,0,73,,4931,103,,,0,33,,4924,103,,,0,73,,4919,103,,,0,33,,4932,103,,,0,73,,4921,103,,,0,33,,4923,103,,,0,73,,4926,103,,,0,73,,4927,103,,,0,33,,4918,103,,,0,73,,4936,103,,,0,33,,4922,103,,,0
201,'312abbf0-fdea-4eb9-96c5-7a94145aceb2',727,,5074,132,,,0,73,,5084,132,,,0,33,,5090,132,,,0,73,,5096,132,,,0,33,,5091,132,,,0,73,,5102,132,,,0,33,,5081,132,,,0,73,,5095,132,,,0,33,,5103,132,,,0,73,,5086,132,,,0,33,,5080,132,,,0,77,,5087,132,,,0,75,,5085,132,,,0,35,,5075,132,,,0,75,,5079,132,,,0,35,,5094,132,,,0,75,,5078,132,,,0,75,,5099,132,,,0,35,,5101,132,,,0,71,,5088,132,,,0,33,,5097,132,,,0,73,,5083,132,,,0,33,,5098,132,,,0,73,,5082,132,,,0,33,,5076,132,,,0,73,,5093,132,,,0,73,,5100,132,,,0,26,,5104,132,,,0,30,,5073,132,,,0,70,,5089,132,,,0,25,,5092,132,,,0
201,'66e3ca25-c949-45bf-aa5b-2bde8ae66f69',833,,5110,132,,,0,73,,5123,132,,,0,33,,5109,132,,,0,73,,5116,132,,,0,33,,5120,132,,,0,73,,5122,132,,,0,33,,5121,132,,,0,73,,5114,132,,,0,33,,5115,132,,,0,73,,5105,132,,,0,73,,5107,132,,,0,33,,5111,132,,,0,73,,5124,132,,,0,33,,5119,132,,,0,73,,5118,132,,,0,33,,5108,132,,,0,73,,5113,132,,,0,33,,5112,132,,,0,73,,5117,132,,,0,73,,5106,132,,,0
201,'9ba31bfb-7050-4158-afae-0ffd0d63aa0c',833,,5136,132,,,0,73,,5134,132,,,0,33,,5135,132,,,0,73,,5139,132,,,0,33,,5138,132,,,0,73,,5126,132,,,0,33,,5125,132,,,0,73,,5128,132,,,0,33,,5143,132,,,0,73,,5140,132,,,0,73,,5142,132,,,0,33,,5133,132,,,0,73,,5145,132,,,0,33,,5130,132,,,0,73,,5146,132,,,0,33,,5127,132,,,0,73,,5141,132,,,0,33,,5132,132,,,0,73,,5129,132,,,0,73,,5137,132,,,0
201,'a6a1e58d-53c4-44f8-9966-8649a3a2e257',621,,5156,132,,,0,33,,5169,132,,,0,73,,5158,132,,,0,73,,5164,132,,,0,33,,5147,132,,,0,73,,5173,132,,,0,33,,5171,132,,,0,73,,5160,132,,,0,33,,5177,132,,,0,73,,5172,132,,,0,33,,5162,132,,,0,73,,5153,132,,,0,33,,5181,132,,,0,77,,5165,132,,,0,75,,5174,132,,,0,35,,5166,132,,,0,75,,5178,132,,,0,35,,5155,132,,,0,75,,5167,132,,,0,75,,5148,132,,,0,33,,5152,132,,,0,73,,5179,132,,,0,33,,5168,132,,,0,73,,5159,132,,,0,33,,5157,132,,,0,73,,5161,132,,,0,33,,5175,132,,,0,73,,5170,132,,,0,73,,5180,132,,,0,26,,5149,132,,,0,30,,5163,132,,,0,70,,5176,132,,,0,25,,5151,132,,,0
201,'cdcafeae-7da3-4ec3-beeb-64e1ab4dbc4b',833,,5194,132,,,0,73,,5186,132,,,0,33,,5191,132,,,0,73,,5183,132,,,0,33,,5187,132,,,0,73,,5193,132,,,0,33,,5190,132,,,0,73,,5201,132,,,0,33,,5199,132,,,0,73,,5198,132,,,0,73,,5195,132,,,0,33,,5189,132,,,0,73,,5184,132,,,0,33,,5182,132,,,0,73,,5202,132,,,0,33,,5203,132,,,0,73,,5188,132,,,0,33,,5196,132,,,0,73,,5197,132,,,0,73,,5200,132,,,0
5101,'312abbf0-fdea-4eb9-96c5-7a94145aceb2',729,,5790,73,,,0,80,,5782,73,,,0,40,,5794,73,,,0,80,,5786,73,,,0,80,,5793,73,,,0,40,,5789,73,,,0,80,,5785,73,,,0,80,,5797,73,,,0,40,,5798,73,,,0,80,,5784,73,,,0,80,,5796,73,,,0,40,,5791,73,,,0,80,,5792,73,,,0,80,,5795,73,,,0,40,,5788,73,,,0,80,,5787,73,,,0,80,,5799,73,,,0,40,,5783,73,,,0
5101,'a6a1e58d-53c4-44f8-9966-8649a3a2e257',628,,5806,73,,,0,23,,5802,73,,,0,79,,5804,73,,,0,80,,5801,73,,,0,40,,5800,73,,,0,80,,5813,73,,,0,80,,5816,73,,,0,40,,5818,73,,,0,83,,5817,73,,,0,85,,5815,73,,,0,85,,5811,73,,,0,45,,5805,73,,,0,85,,5808,73,,,0,85,,5809,73,,,0,85,,5807,73,,,0,45,,5814,73,,,0,85,,5803,73,,,0,80,,5810,73,,,0,40,,5812,73,,,0
5201,'312abbf0-fdea-4eb9-96c5-7a94145aceb2',706,,5856,94,,,0,41,,5857,94,,,0,80,,5862,94,,,0,80,,5870,94,,,0,40,,5868,94,,,0,80,,5859,94,,,0,80,,5871,94,,,0,40,,5858,94,,,0,80,,5864,94,,,0,80,,5865,94,,,0,40,,5872,94,,,0,80,,5861,94,,,0,80,,5867,94,,,0,40,,5873,94,,,0,80,,5863,94,,,0,80,,5866,94,,,0,40,,5869,94,,,0,80,,5860,94,,,0
5201,'a6a1e58d-53c4-44f8-9966-8649a3a2e257',611,,5879,94,,,0,20,,5889,94,,,0,76,,5891,94,,,0,40,,5882,94,,,0,80,,5884,94,,,0,80,,5886,94,,,0,40,,5878,94,,,0,80,,5885,94,,,0,80,,5877,94,,,0,40,,5881,94,,,0,80,,5892,94,,,0,80,,5874,94,,,0,40,,5875,94,,,0,80,,5890,94,,,0,80,,5883,94,,,0,40,,5887,94,,,0,80,,5876,94,,,0,80,,5888,94,,,0,40,,5880,94,,,0,80,,5893,94,,,0
