401,'8121286b-fd49-4716-b922-42f8d7dc989c',811,,4040,73,,,0,33,,4048,73,,,0,73,,4034,73,,,0,33,,4038,73,,,0,73,,4039,73,,,0,33,,4043,73,,,0,73,,4036,73,,,0,73,,4047,73,,,0,33,,4033,73,,,0,73,,4051,73,,,0,33,,4035,73,,,0,73,,4049,73,,,0,33,,4042,73,,,0,73,,4045,73,,,0,33,,4050,73,,,0,73,,4054,73,,,0,33,,4052,73,,,0,73,,4041,73,,,0,73,,4046,73,,,0,33,,4053,73,,,0,73,,4037,73,4,,0
401,'b3648ede-5954-434f-9b9d-d5f08e1e70ad',811,,4066,73,,,0,33,,4067,73,,,0,73,,4068,73,,,0,33,,4056,73,,,0,73,,4055,73,,,0,33,,4076,73,,,0,73,,4059,73,,,0,73,,4058,73,,,0,33,,4060,73,,,0,73,,4072,73,,,0,33,,4070,73,,,0,73,,4061,73,,,0,33,,4071,73,,,0,73,,4064,73,,,0,33,,4075,73,,,0,73,,4069,73,,,0,33,,4065,73,,,0,73,,4062,73,,,0,73,,4057,73,,,0,33,,4073,73,,,0,73,,4063,73,4,,0
401,'c48e9871-c7da-4ae0-bf7c-b3496ea4ba29',708,,4106,73,,,0,32,,4102,73,,,0,71,,4083,73,,,0,33,,4079,73,,,0,73,,4088,73,,,0,33,,4093,73,,,0,73,,4100,73,,,0,33,,4105,73,,,0,73,,4077,73,,,0,73,,4104,73,,,0,33,,4109,73,,,0,73,,4081,73,,,0,33,,4103,73,,,0,73,,4086,73,,,0,33,,4091,73,,,0,73,,4099,73,,,0,33,,4096,73,,,0,73,,4097,73,,,0,33,,4085,73,,,0,73,,4089,73,,,0,73,,4090,73,,,0,33,,4084,73,,,0,73,,4098,73,,,0,33,,4087,73,,,0,73,,4107,73,,,0,33,,4092,73,,,0,73,,4108,73,,,0,33,,4082,73,,,0,73,,4078,73,,,0,73,,4101,73,,,0,33,,4095,73,,,0,21,,4080,73,,,0
401,'d7cebbf2-c439-48e5-af23-2183cbefe818',634,,4124,73,,,0,71,,4121,73,,,0,34,,4128,73,,,0,72,,4113,73,,,0,33,,4111,73,,,0,73,,4131,73,,,0,33,,4123,73,,,0,73,,4120,73,,,0,33,,4126,73,,,0,73,,4110,73,,,0,73,,4125,73,,,0,33,,4134,73,,,0,73,,4140,73,,,0,33,,4137,73,,,0,73,,4139,73,,,0,33,,4132,73,,,0,73,,4117,73,,,0,33,,4119,73,,,0,73,,4114,73,,,0,33,,4138,73,,,0,73,,4136,73,,,0,73,,4133,73,,,0,33,,4115,73,,,0,73,,4127,73,,,0,33,,4142,73,,,0,73,,4130,73,,,0,33,,4129,73,,,0,73,,4116,73,,,0,33,,4141,73,,,0,73,,4112,73,,,0,73,,4122,73,,,0,33,,4135,73,,,0,21,,4118,73,,,0
6200,'d7cebbf2-c439-48e5-af23-2183cbefe818',723,,4395,50,4,,0,35,,4390,50,4,,0,80,,4386,50,4,,0,80,,4406,50,4,,0,40,,4407,50,4,,0,80,,4394,50,4,,0,80,,4389,50,4,,0,40,,4397,50,4,,0,80,,4398,50,4,,0,80,,4403,50,4,,0,40,,4404,50,4,,0,80,,4405,50,4,,0,80,,4388,50,4,,0,40,,4393,50,4,,0,80,,4387,50,4,,0,80,,4396,50,4,,0,40,,4402,50,4,,0,80,,4385,50,4,,0,80,,4400,50,4,,0,40,,4392,50,4,,0,80,,4391,50,4,,0,80,,4399,50,4,,0,35,,4401,50,4,,0,75,,4384,50,4,,0
6201,'d7cebbf2-c439-48e5-af23-2183cbefe818',650,,4413,0,,,0,75,,4417,0,,,0,80,,4427,0,,,0,40,,4414,0,,,0,80,,4422,0,,,0,80,,4428,0,,,0,40,,4419,0,,,0,80,,4408,0,,,0,80,,4424,0,,,0,40,,4415,0,,,0,80,,4416,0,,,0,80,,4410,0,,,0,40,,4423,0,,,0,80,,4409,0,,,0,80,,4431,0,,,0,40,,4421,0,,,0,80,,4430,0,,,0,80,,4426,0,,,0,40,,4425,0,,,0,80,,4412,0,,,0,80,,4429,0,,,0,40,,4418,0,,,0,75,,4411,0,,,0,35,,4420,0,,,0
1006000,'d7cebbf2-c439-48e5-af23-2183cbefe818',712,,4433,201,4,,0,95,,4435,201,4,,0,100,,4443,201,4,,0,100,,4438,201,4,,0,100,,4434,201,4,,0,100,,4440,201,4,,0,100,,4439,201,4,,0,100,,4442,201,4,,0,100,,4441,201,4,,0,100,,4437,201,4,,0,100,,4432,201,4,,0,100,,4444,201,4,,0,100,,4436,200,4,,0
1006001,'d7cebbf2-c439-48e5-af23-2183cbefe818',645,,4456,0,,,0,100,,4454,0,,,0,100,,4450,0,,,0,100,,4455,0,,,0,100,,4452,0,,,0,100,,4445,0,,,0,100,,4449,0,,,0,100,,4451,0,,,0,100,,4447,0,,,0,100,,4446,0,,,0,100,,4457,0,,,0,100,,4453,0,,,0
2006000,'d7cebbf2-c439-48e5-af23-2183cbefe818',643,,4504,97,4,,0,94,,4505,97,4,,0,100,,4498,97,4,,0,100,,4499,97,4,,0,100,,4503,97,4,,0,100,,4502,97,4,,0,100,,4497,97,4,,0,100,,4494,97,4,,0,100,,4495,97,4,,0,100,,4493,97,4,,0,100,,4496,97,4,,0,100,,4501,97,4,,0,100,,4500,96,4,,0
2006001,'d7cebbf2-c439-48e5-af23-2183cbefe818',715,,4510,0,,,0,100,,4509,0,,,0,100,,4514,0,,,0,100,,4511,0,,,0,100,,4513,0,,,0,100,,4512,0,,,0,100,,4518,0,,,0,100,,4516,0,,,0,100,,4506,0,,,0,100,,4517,0,,,0,100,,4515,0,,,0,100,,4507,0,,,0
3006000,'8121286b-fd49-4716-b922-42f8d7dc989c',818,,4559,78,4,,0,41,,4563,78,4,,0,85,,4553,78,4,,0,85,,4555,78,4,,0,85,,4556,78,4,,0,45,,4561,78,4,,0,85,,4557,78,4,,0,85,,4554,78,4,,0,85,,4558,78,4,,0,45,,4566,78,4,,0,85,,4567,78,4,,0,85,,4565,78,4,,0,85,,4560,78,4,,0,45,,4564,78,4,,0,85,,4562,81,4,,0
3006000,'b3648ede-5954-434f-9b9d-d5f08e1e70ad',818,,4575,78,4,,0,41,,4580,78,4,,0,85,,4579,78,4,,0,85,,4569,78,4,,0,85,,4577,78,4,,0,45,,4574,78,4,,0,85,,4581,78,4,,0,85,,4573,78,4,,0,85,,4572,78,4,,0,45,,4576,78,4,,0,85,,4570,78,4,,0,85,,4568,78,4,,0,85,,4571,78,4,,0,45,,4582,78,4,,0,85,,4578,81,4,,0
3006000,'c48e9871-c7da-4ae0-bf7c-b3496ea4ba29',718,,4598,78,4,,0,41,,4594,78,4,,0,85,,4593,78,4,,0,85,,4584,78,4,,0,85,,4599,78,4,,0,45,,4589,78,4,,0,85,,4595,78,4,,0,85,,4603,78,4,,0,85,,4591,78,4,,0,45,,4585,78,4,,0,85,,4586,78,4,,0,85,,4600,78,4,,0,85,,4596,78,4,,0,45,,4588,78,4,,0,85,,4604,78,4,,0,85,,4592,78,4,,0,85,,4605,78,4,,0,45,,4602,78,4,,0,85,,4587,78,4,,0,85,,4601,78,4,,0,85,,4583,78,4,,0,45,,4590,78,4,,0,85,,4597,81,4,,0
3006000,'d7cebbf2-c439-48e5-af23-2183cbefe818',1959,,4609,78,4,,0,85,,4607,78,4,,0,85,,4610,78,4,,0,85,,4611,78,4,,0,45,,4608,78,4,,0,85,,4606,81,4,,0
3006001,'8121286b-fd49-4716-b922-42f8d7dc989c',820,,4613,0,,,0,85,,4617,0,,,0,45,,4622,0,,,0,85,,4618,0,,,0,85,,4623,0,,,0,85,,4620,0,,,0,45,,4625,0,,,0,85,,4619,0,,,0,85,,4624,0,,,0,85,,4616,0,,,0,45,,4614,0,,,0,85,,4612,0,,,0,85,,4621,0,,,0,85,,4615,0,,,0
3006001,'b3648ede-5954-434f-9b9d-d5f08e1e70ad',820,,4636,0,,,0,85,,4631,0,,,0,45,,4630,0,,,0,85,,4627,0,,,0,85,,4628,0,,,0,85,,4626,0,,,0,45,,4639,0,,,0,85,,4635,0,,,0,85,,4629,0,,,0,85,,4632,0,,,0,45,,4637,0,,,0,85,,4633,0,,,0,85,,4634,0,,,0,85,,4638,0,,,0
3006001,'c48e9871-c7da-4ae0-bf7c-b3496ea4ba29',720,,4647,0,,,0,85,,4641,0,,,0,45,,4642,0,,,0,85,,4661,0,,,0,85,,4653,0,,,0,85,,4643,0,,,0,45,,4659,0,,,0,85,,4655,0,,,0,85,,4650,0,,,0,85,,4649,0,,,0,45,,4656,0,,,0,85,,4646,0,,,0,85,,4658,0,,,0,85,,4651,0,,,0,45,,4644,0,,,0,85,,4652,0,,,0,85,,4660,0,,,0,85,,4648,0,,,0,45,,4654,0,,,0,85,,4657,0,,,0,85,,4645,0,,,0,85,,4640,0,,,0
3006001,'d7cebbf2-c439-48e5-af23-2183cbefe818',1920,,4667,0,,,0,85,,4666,0,,,0,45,,4663,0,,,0,85,,4665,0,,,0,85,,4662,0,,,0,85,,4664,0,,,0
