100,'312abbf0-fdea-4eb9-96c5-7a94145aceb2',727,,4687,166,,,0,76,,4688,166,,,0,33,,4674,166,,,0,73,,4683,166,,,0,33,,4679,166,,,0,73,,4671,166,,,0,33,,4680,166,,,0,73,,4676,166,,,0,33,,4675,166,,,0,73,,4669,166,,,0,73,,4673,166,,,0,33,,4693,166,,,0,77,,4697,166,,,0,35,,4690,166,,,0,75,,4694,166,,,0,35,,4692,166,,,0,75,,4689,166,,,0,75,,4686,166,,,0,35,,4684,166,,,0,75,,4691,166,,,0,31,,4685,166,,,0,73,,4700,166,,,0,33,,4677,166,,,0,73,,4678,166,,,0,33,,4695,166,,,0,73,,4696,166,,,0,73,,4698,166,,,0,33,,4672,166,,,0,70,,4699,166,,,0,14,,4668,166,,,0,30,,4670,175,,,0
100,'66e3ca25-c949-45bf-aa5b-2bde8ae66f69',836,,4721,166,,,0,73,,4711,166,,,0,33,,4712,166,,,0,73,,4702,166,,,0,33,,4719,166,,,0,73,,4701,166,,,0,33,,4705,166,,,0,73,,4714,166,,,0,73,,4715,166,,,0,33,,4716,166,,,0,73,,4720,166,,,0,33,,4709,166,,,0,73,,4708,166,,,0,33,,4710,166,,,0,73,,4706,166,,,0,33,,4717,166,,,0,73,,4707,166,,,0,33,,4718,166,,,0,73,,4704,166,,,0,73,,4713,175,,,0
100,'9ba31bfb-7050-4158-afae-0ffd0d63aa0c',836,,4732,166,,,0,73,,4733,166,,,0,33,,4725,166,,,0,73,,4744,166,,,0,33,,4724,166,,,0,73,,4736,166,,,0,33,,4726,166,,,0,73,,4727,166,,,0,73,,4734,166,,,0,33,,4740,166,,,0,73,,4739,166,,,0,33,,4723,166,,,0,73,,4743,166,,,0,33,,4729,166,,,0,73,,4742,166,,,0,33,,4737,166,,,0,73,,4722,166,,,0,33,,4735,166,,,0,73,,4741,166,,,0,73,,4730,175,,,0
100,'a6a1e58d-53c4-44f8-9966-8649a3a2e257',633,,4746,166,,,0,68,,4777,166,,,0,29,,4750,166,,,0,73,,4776,166,,,0,33,,4759,166,,,0,73,,4764,166,,,0,33,,4778,166,,,0,73,,4754,166,,,0,33,,4747,166,,,0,73,,4757,166,,,0,33,,4758,166,,,0,73,,4768,166,,,0,73,,4761,166,,,0,33,,4766,166,,,0,77,,4762,166,,,0,35,,4749,166,,,0,75,,4767,166,,,0,35,,4772,166,,,0,75,,4775,166,,,0,75,,4774,166,,,0,35,,4752,166,,,0,75,,4769,166,,,0,31,,4748,166,,,0,73,,4770,166,,,0,33,,4745,166,,,0,73,,4760,166,,,0,33,,4773,166,,,0,73,,4751,166,,,0,73,,4753,166,,,0,33,,4763,166,,,0,70,,4779,166,,,0,14,,4755,166,,,0,30,,4765,175,,,0
100,'cdcafeae-7da3-4ec3-beeb-64e1ab4dbc4b',836,,4799,166,,,0,73,,4791,166,,,0,33,,4788,166,,,0,73,,4797,166,,,0,33,,4802,166,,,0,73,,4790,166,,,0,33,,4801,166,,,0,73,,4784,166,,,0,73,,4795,166,,,0,33,,4796,166,,,0,73,,4786,166,,,0,33,,4798,166,,,0,73,,4780,166,,,0,33,,4782,166,,,0,73,,4792,166,,,0,33,,4781,166,,,0,73,,4783,166,,,0,33,,4794,166,,,0,73,,4793,166,,,0,73,,4785,175,,,0
301,'312abbf0-fdea-4eb9-96c5-7a94145aceb2',736,,5338,59,,,0,73,,5358,59,,,0,33,,5352,59,,,0,73,,5340,59,,,0,33,,5355,59,,,0,73,,5342,59,,,0,33,,5359,59,,,0,73,,5357,59,,,0,73,,5343,59,,,0,33,,5337,59,,,0,75,,5350,59,,,0,35,,5354,59,,,0,75,,5364,59,,,0,35,,5356,59,,,0,75,,5344,59,,,0,75,,5348,59,,,0,35,,5347,59,,,0,75,,5339,59,,,0,35,,5345,59,,,0,73,,5367,59,,,0,34,,5351,59,,,0,73,,5365,59,,,0,73,,5366,59,,,0,33,,5363,59,,,0,73,,5361,59,,,0,33,,5353,59,,,0,73,,5349,59,,,0,31,,5346,59,,,0,60,,5360,59,,,0,30,,5362,59,,,0,25,,5341,59,,,0
301,'66e3ca25-c949-45bf-aa5b-2bde8ae66f69',809,,5380,59,,,0,33,,5386,59,,,0,73,,5377,59,,,0,33,,5368,59,,,0,73,,5378,59,,,0,33,,5371,59,,,0,73,,5385,59,,,0,73,,5383,59,,,0,33,,5388,59,,,0,73,,5373,59,,,0,33,,5379,59,,,0,73,,5372,59,,,0,33,,5369,59,,,0,73,,5381,59,,,0,33,,5376,59,,,0,73,,5375,59,,,0,33,,5370,59,,,0,73,,5384,59,,,0,73,,5387,59,,,0,33,,5374,59,,,0,65,,5382,59,,,0
301,'9ba31bfb-7050-4158-afae-0ffd0d63aa0c',809,,5409,59,,,0,33,,5389,59,,,0,73,,5406,59,,,0,33,,5405,59,,,0,73,,5391,59,,,0,33,,5400,59,,,0,73,,5393,59,,,0,73,,5401,59,,,0,33,,5397,59,,,0,73,,5390,59,,,0,33,,5402,59,,,0,73,,5399,59,,,0,33,,5408,59,,,0,73,,5394,59,,,0,33,,5395,59,,,0,73,,5396,59,,,0,33,,5404,59,,,0,73,,5392,59,,,0,73,,5407,59,,,0,33,,5398,59,,,0,65,,5403,59,,,0
301,'a6a1e58d-53c4-44f8-9966-8649a3a2e257',631,,5411,59,,,0,72,,5424,59,,,0,33,,5430,59,,,0,73,,5442,59,,,0,33,,5440,59,,,0,73,,5428,59,,,0,33,,5414,59,,,0,73,,5441,59,,,0,33,,5426,59,,,0,73,,5415,59,,,0,73,,5423,59,,,0,33,,5421,59,,,0,75,,5433,59,,,0,35,,5427,59,,,0,75,,5437,59,,,0,35,,5425,59,,,0,75,,5435,59,,,0,75,,5413,59,,,0,35,,5429,59,,,0,75,,5422,59,,,0,35,,5420,59,,,0,73,,5438,59,,,0,34,,5432,59,,,0,73,,5439,59,,,0,73,,5417,59,,,0,33,,5410,59,,,0,73,,5436,59,,,0,33,,5418,59,,,0,73,,5412,59,,,0,31,,5419,59,,,0,60,,5434,59,,,0,30,,5431,59,,,0,25,,5416,59,,,0
301,'cdcafeae-7da3-4ec3-beeb-64e1ab4dbc4b',809,,5459,59,,,0,33,,5447,59,,,0,73,,5455,59,,,0,33,,5462,59,,,0,73,,5468,59,,,0,33,,5446,59,,,0,73,,5465,59,,,0,73,,5449,59,,,0,33,,5452,59,,,0,73,,5451,59,,,0,33,,5456,59,,,0,73,,5454,59,,,0,33,,5464,59,,,0,73,,5448,59,,,0,33,,5461,59,,,0,73,,5458,59,,,0,33,,5444,59,,,0,73,,5469,59,,,0,73,,5445,59,,,0,33,,5457,59,,,0,65,,5460,59,,,0,33,,5467,59,,,0,73,,5450,59,,,0,33,,5470,59,,,0,73,,5466,59,,,0,33,,5443,59,,,0
3006001,'312abbf0-fdea-4eb9-96c5-7a94145aceb2',735,,6242,94,,,0,85,,6231,94,,,0,85,,6236,94,,,0,45,,6240,94,,,0,85,,6243,94,,,0,85,,6237,94,,,0,85,,6246,94,,,0,45,,6244,94,,,0,85,,6234,94,,,0,85,,6245,94,,,0,85,,6233,94,,,0,45,,6250,94,,,0,85,,6247,94,,,0,85,,6239,94,,,0,85,,6241,94,,,0,45,,6251,94,,,0,85,,6252,94,,,0,85,,6235,94,,,0,85,,6248,94,,,0,45,,6249,94,,,0,85,,6238,94,,,0,85,,6232,94,,,0
3006001,'66e3ca25-c949-45bf-aa5b-2bde8ae66f69',835,,6254,94,,,0,85,,6257,94,,,0,85,,6266,94,,,0,45,,6256,94,,,0,85,,6260,94,,,0,85,,6263,94,,,0,85,,6261,94,,,0,45,,6264,94,,,0,85,,6265,94,,,0,85,,6255,94,,,0,85,,6259,94,,,0,45,,6258,94,,,0,85,,6253,94,,,0,85,,6262,94,,,0
3006001,'9ba31bfb-7050-4158-afae-0ffd0d63aa0c',835,,6270,94,,,0,85,,6275,94,,,0,85,,6279,94,,,0,45,,6278,94,,,0,85,,6274,94,,,0,85,,6272,94,,,0,85,,6268,94,,,0,45,,6267,94,,,0,85,,6276,94,,,0,85,,6277,94,,,0,85,,6273,94,,,0,45,,6269,94,,,0,85,,6271,94,,,0,85,,6280,94,,,0
3006001,'a6a1e58d-53c4-44f8-9966-8649a3a2e257',1935,,6281,94,,,0,85,,6284,94,,,0,85,,6286,94,,,0,45,,6282,94,,,0,85,,6283,94,,,0,85,,6285,94,,,0
3006001,'cdcafeae-7da3-4ec3-beeb-64e1ab4dbc4b',835,,6287,94,,,0,85,,6297,94,,,0,85,,6298,94,,,0,45,,6295,94,,,0,85,,6299,94,,,0,85,,6288,94,,,0,85,,6289,94,,,0,45,,6291,94,,,0,85,,6290,94,,,0,85,,6293,94,,,0,85,,6300,94,,,0,45,,6296,94,,,0,85,,6294,94,,,0,85,,6292,94,,,0
