200,'312abbf0-fdea-4eb9-96c5-7a94145aceb2',713,,4945,0,,,0,33,,4943,0,,,0,73,,4950,0,,,0,33,,4953,0,,,0,73,,4939,0,,,0,33,,4963,0,,,0,73,,4966,0,,,0,73,,4956,0,,,0,33,,4949,0,,,0,73,,4969,0,,,0,33,,4940,0,,,0,75,,4959,0,,,0,35,,4955,0,,,0,75,,4942,0,,,0,75,,4964,0,,,0,35,,4938,0,,,0,75,,4965,0,,,0,35,,4968,0,,,0,75,,4957,0,,,0,33,,4961,0,,,0,73,,4971,0,,,0,73,,4958,0,,,0,33,,4948,0,,,0,73,,4946,0,,,0,33,,4962,0,,,0,73,,4954,0,,,0,33,,4970,0,,,0,73,,4947,0,,,0,26,,4944,0,,,0,70,,4960,0,,,0,20,,4952,0,,,0
200,'66e3ca25-c949-45bf-aa5b-2bde8ae66f69',819,,4988,0,,,0,33,,4976,0,,,0,73,,4980,0,,,0,33,,4985,0,,,0,73,,4974,0,,,0,73,,4972,0,,,0,33,,4989,0,,,0,73,,4991,0,,,0,33,,4984,0,,,0,73,,4979,0,,,0,33,,4990,0,,,0,73,,4977,0,,,0,33,,4975,0,,,0,73,,4978,0,,,0,73,,4993,0,,,0,33,,4983,0,,,0,73,,4982,0,,,0,33,,4986,0,,,0,73,,4992,0,,,0,28,,4973,0,,,0
200,'9ba31bfb-7050-4158-afae-0ffd0d63aa0c',819,,5012,0,,,0,33,,4997,0,,,0,73,,5000,0,,,0,33,,5009,0,,,0,73,,4998,0,,,0,73,,5008,0,,,0,33,,5011,0,,,0,73,,5010,0,,,0,33,,5015,0,,,0,73,,5003,0,,,0,33,,5001,0,,,0,73,,5004,0,,,0,33,,5014,0,,,0,73,,5007,0,,,0,73,,4995,0,,,0,33,,5006,0,,,0,73,,5002,0,,,0,33,,4999,0,,,0,73,,5005,0,,,0,28,,4994,0,,,0
200,'a6a1e58d-53c4-44f8-9966-8649a3a2e257',605,,5028,0,,,0,35,,5048,0,,,0,73,,5035,0,,,0,33,,5027,0,,,0,73,,5025,0,,,0,33,,5033,0,,,0,73,,5034,0,,,0,33,,5040,0,,,0,73,,5041,0,,,0,73,,5037,0,,,0,33,,5020,0,,,0,73,,5044,0,,,0,33,,5042,0,,,0,75,,5047,0,,,0,35,,5038,0,,,0,75,,5024,0,,,0,75,,5050,0,,,0,35,,5017,0,,,0,75,,5043,0,,,0,35,,5031,0,,,0,75,,5036,0,,,0,33,,5045,0,,,0,73,,5016,0,,,0,73,,5018,0,,,0,33,,5023,0,,,0,73,,5021,0,,,0,33,,5029,0,,,0,73,,5030,0,,,0,33,,5049,0,,,0,73,,5022,0,,,0,26,,5046,0,,,0,70,,5019,0,,,0,20,,5039,0,,,0
200,'cdcafeae-7da3-4ec3-beeb-64e1ab4dbc4b',819,,5061,0,,,0,33,,5070,0,,,0,73,,5054,0,,,0,33,,5058,0,,,0,73,,5069,0,,,0,73,,5051,0,,,0,33,,5060,0,,,0,73,,5071,0,,,0,33,,5056,0,,,0,73,,5053,0,,,0,33,,5057,0,,,0,73,,5064,0,,,0,33,,5066,0,,,0,73,,5059,0,,,0,73,,5063,0,,,0,33,,5067,0,,,0,73,,5055,0,,,0,33,,5062,0,,,0,73,,5068,0,,,0,28,,5065,0,,,0
201,'312abbf0-fdea-4eb9-96c5-7a94145aceb2',736,,5074,208,4,,0,73,,5084,208,4,,0,33,,5090,208,4,,0,73,,5096,208,4,,0,33,,5091,208,4,,0,73,,5102,208,4,,0,33,,5081,208,4,,0,73,,5095,208,4,,0,73,,5103,208,4,,0,33,,5086,208,4,,0,73,,5080,208,4,,0,37,,5087,208,4,,0,75,,5085,208,4,,0,35,,5075,208,4,,0,75,,5079,208,4,,0,75,,5094,208,4,,0,35,,5078,208,4,,0,75,,5099,208,4,,0,35,,5101,208,4,,0,71,,5088,208,4,,0,33,,5097,208,4,,0,73,,5083,208,4,,0,33,,5098,208,4,,0,73,,5082,208,4,,0,73,,5076,208,4,,0,33,,5093,208,4,,0,73,,5100,208,4,,0,26,,5104,208,4,,0,70,,5073,208,4,,0,30,,5089,208,4,,0,65,,5092,208,4,,0
201,'66e3ca25-c949-45bf-aa5b-2bde8ae66f69',842,,5110,208,4,,0,73,,5123,208,4,,0,33,,5109,208,4,,0,73,,5116,208,4,,0,33,,5120,208,4,,0,73,,5122,208,4,,0,73,,5121,208,4,,0,33,,5114,208,4,,0,73,,5115,208,4,,0,33,,5105,208,4,,0,73,,5107,208,4,,0,33,,5111,208,4,,0,73,,5124,208,4,,0,33,,5119,208,4,,0,73,,5118,208,4,,0,33,,5108,208,4,,0,73,,5113,208,4,,0,73,,5112,208,4,,0,33,,5117,208,4,,0,73,,5106,208,4,,0
201,'9ba31bfb-7050-4158-afae-0ffd0d63aa0c',842,,5136,208,4,,0,73,,5134,208,4,,0,33,,5135,208,4,,0,73,,5139,208,4,,0,33,,5138,208,4,,0,73,,5126,208,4,,0,73,,5125,208,4,,0,33,,5128,208,4,,0,73,,5143,208,4,,0,33,,5140,208,4,,0,73,,5142,208,4,,0,33,,5133,208,4,,0,73,,5145,208,4,,0,33,,5130,208,4,,0,73,,5146,208,4,,0,33,,5127,208,4,,0,73,,5141,208,4,,0,73,,5132,208,4,,0,33,,5129,208,4,,0,73,,5137,208,4,,0
201,'a6a1e58d-53c4-44f8-9966-8649a3a2e257',630,,5156,208,4,,0,73,,5169,208,4,,0,33,,5158,208,4,,0,73,,5164,208,4,,0,33,,5147,208,4,,0,73,,5173,208,4,,0,33,,5171,208,4,,0,73,,5160,208,4,,0,33,,5177,208,4,,0,73,,5172,208,4,,0,73,,5162,208,4,,0,33,,5153,208,4,,0,73,,5181,208,4,,0,37,,5165,208,4,,0,75,,5174,208,4,,0,35,,5166,208,4,,0,75,,5178,208,4,,0,75,,5155,208,4,,0,35,,5167,208,4,,0,75,,5148,208,4,,0,33,,5152,208,4,,0,73,,5179,208,4,,0,33,,5168,208,4,,0,73,,5159,208,4,,0,33,,5157,208,4,,0,73,,5161,208,4,,0,73,,5175,208,4,,0,33,,5170,208,4,,0,73,,5180,208,4,,0,26,,5149,208,4,,0,70,,5163,208,4,,0,30,,5176,208,4,,0,65,,5151,208,4,,0
201,'cdcafeae-7da3-4ec3-beeb-64e1ab4dbc4b',842,,5194,208,4,,0,73,,5186,208,4,,0,33,,5191,208,4,,0,73,,5183,208,4,,0,33,,5187,208,4,,0,73,,5193,208,4,,0,73,,5190,208,4,,0,33,,5201,208,4,,0,73,,5199,208,4,,0,33,,5198,208,4,,0,73,,5195,208,4,,0,33,,5189,208,4,,0,73,,5184,208,4,,0,33,,5182,208,4,,0,73,,5202,208,4,,0,33,,5203,208,4,,0,73,,5188,208,4,,0,73,,5196,208,4,,0,33,,5197,208,4,,0,73,,5200,208,4,,0
5200,'312abbf0-fdea-4eb9-96c5-7a94145aceb2',736,,5820,133,4,,0,80,,5821,133,4,,0,40,,5826,133,4,,0,80,,5836,133,4,,0,80,,5825,133,4,,0,40,,5834,133,4,,0,80,,5823,133,4,,0,80,,5829,133,4,,0,40,,5824,133,4,,0,80,,5828,133,4,,0,80,,5831,133,4,,0,40,,5833,133,4,,0,80,,5822,133,4,,0,80,,5819,133,4,,0,40,,5835,133,4,,0,80,,5830,133,4,,0,80,,5827,133,4,,0,35,,5832,133,4,,0
5200,'a6a1e58d-53c4-44f8-9966-8649a3a2e257',656,,5844,133,4,,0,80,,5855,133,4,,0,80,,5842,133,4,,0,40,,5843,133,4,,0,80,,5840,133,4,,0,80,,5847,133,4,,0,40,,5845,133,4,,0,80,,5851,133,4,,0,80,,5850,133,4,,0,40,,5837,133,4,,0,80,,5841,133,4,,0,80,,5852,133,4,,0,40,,5848,133,4,,0,80,,5854,133,4,,0,80,,5839,133,4,,0,40,,5838,133,4,,0,80,,5846,133,4,,0,80,,5849,133,4,,0,35,,5853,133,4,,0
5201,'312abbf0-fdea-4eb9-96c5-7a94145aceb2',655,,5856,0,,,0,81,,5857,0,,,0,80,,5862,0,,,0,40,,5870,0,,,0,80,,5868,0,,,0,80,,5859,0,,,0,40,,5871,0,,,0,80,,5858,0,,,0,80,,5864,0,,,0,40,,5865,0,,,0,80,,5872,0,,,0,80,,5861,0,,,0,40,,5867,0,,,0,80,,5873,0,,,0,80,,5863,0,,,0,40,,5866,0,,,0,80,,5869,0,,,0,80,,5860,0,,,0
5201,'a6a1e58d-53c4-44f8-9966-8649a3a2e257',600,,5879,0,,,0,20,,5889,0,,,0,36,,5891,0,,,0,80,,5882,0,,,0,80,,5884,0,,,0,40,,5886,0,,,0,80,,5878,0,,,0,80,,5885,0,,,0,40,,5877,0,,,0,80,,5881,0,,,0,80,,5892,0,,,0,40,,5874,0,,,0,80,,5875,0,,,0,80,,5890,0,,,0,40,,5883,0,,,0,80,,5887,0,,,0,80,,5876,0,,,0,40,,5888,0,,,0,80,,5880,0,,,0,80,,5893,0,,,0
