101,'312abbf0-fdea-4eb9-96c5-7a94145aceb2',715,,4823,3,,,0,33,,4825,3,,,0,73,,4818,3,,,0,33,,4805,3,,,0,73,,4835,3,,,0,73,,4814,3,,,0,33,,4827,3,,,0,73,,4809,3,,,0,33,,4811,3,,,0,73,,4834,3,,,0,33,,4816,3,,,0,74,,4829,3,,,0,35,,4836,3,,,0,76,,4832,3,,,0,75,,4812,3,,,0,35,,4803,3,,,0,75,,4826,3,,,0,35,,4824,3,,,0,75,,4819,3,,,0,33,,4806,3,,,0,73,,4828,3,,,0,73,,4808,3,,,0,33,,4821,3,,,0,73,,4810,3,,,0,33,,4822,3,,,0,73,,4807,3,,,0,30,,4831,3,,,0,69,,4817,3,,,0,30,,4820,3,,,0,70,,4833,3,,,0,10,,4830,3,,,0
101,'66e3ca25-c949-45bf-aa5b-2bde8ae66f69',748,,4856,3,,,0,73,,4843,3,,,0,33,,4844,3,,,0,73,,4842,3,,,0,73,,4837,3,,,0,33,,4854,3,,,0,73,,4852,3,,,0,33,,4841,3,,,0,73,,4839,3,,,0,33,,4847,3,,,0,73,,4845,3,,,0,33,,4853,3,,,0,73,,4838,3,,,0,33,,4849,3,,,0,73,,4840,3,,,0,73,,4851,3,,,0,33,,4848,3,,,0,73,,4857,3,,,0,33,,4850,3,,,0,73,,4855,3,,,0,33,,4846,3,,,0
101,'9ba31bfb-7050-4158-afae-0ffd0d63aa0c',748,,4872,3,,,0,73,,4880,3,,,0,33,,4859,3,,,0,73,,4877,3,,,0,73,,4869,3,,,0,33,,4866,3,,,0,73,,4870,3,,,0,33,,4861,3,,,0,73,,4876,3,,,0,33,,4863,3,,,0,73,,4862,3,,,0,33,,4867,3,,,0,73,,4868,3,,,0,33,,4860,3,,,0,73,,4864,3,,,0,73,,4875,3,,,0,33,,4871,3,,,0,73,,4865,3,,,0,33,,4873,3,,,0,73,,4874,3,,,0,33,,4878,3,,,0
101,'a6a1e58d-53c4-44f8-9966-8649a3a2e257',606,,4882,3,,,0,36,,4892,3,,,0,73,,4885,3,,,0,33,,4896,3,,,0,73,,4907,3,,,0,33,,4898,3,,,0,73,,4909,3,,,0,73,,4897,3,,,0,33,,4911,3,,,0,73,,4906,3,,,0,33,,4894,3,,,0,73,,4886,3,,,0,33,,4881,3,,,0,75,,4903,3,,,0,35,,4884,3,,,0,75,,4895,3,,,0,75,,4908,3,,,0,35,,4914,3,,,0,75,,4902,3,,,0,35,,4901,3,,,0,75,,4893,3,,,0,33,,4915,3,,,0,73,,4899,3,,,0,73,,4910,3,,,0,33,,4891,3,,,0,73,,4888,3,,,0,33,,4904,3,,,0,73,,4913,3,,,0,30,,4883,3,,,0,69,,4890,3,,,0,30,,4900,3,,,0,70,,4905,3,,,0,10,,4889,3,,,0
101,'cdcafeae-7da3-4ec3-beeb-64e1ab4dbc4b',748,,4934,3,,,0,73,,4929,3,,,0,33,,4916,3,,,0,73,,4920,3,,,0,73,,4925,3,,,0,33,,4933,3,,,0,73,,4937,3,,,0,33,,4917,3,,,0,73,,4935,3,,,0,33,,4931,3,,,0,73,,4928,3,,,0,33,,4919,3,,,0,73,,4932,3,,,0,33,,4921,3,,,0,73,,4923,3,,,0,73,,4926,3,,,0,33,,4927,3,,,0,73,,4918,3,,,0,33,,4936,3,,,0,73,,4922,3,,,0,33,,4930,3,,,0
300,'312abbf0-fdea-4eb9-96c5-7a94145aceb2',712,,5217,2,,,0,33,,5229,2,,,0,73,,5227,2,,,0,33,,5215,2,,,0,73,,5209,2,,,0,33,,5216,2,,,0,73,,5222,2,,,0,73,,5230,2,,,0,33,,5220,2,,,0,73,,5212,2,,,0,33,,5208,2,,,0,76,,5226,2,,,0,35,,5204,2,,,0,75,,5223,2,,,0,75,,5224,2,,,0,35,,5231,2,,,0,75,,5210,2,,,0,35,,5232,2,,,0,75,,5211,2,,,0,35,,5205,2,,,0,72,,5207,2,,,0,74,,5219,2,,,0,33,,5233,2,,,0,73,,5221,2,,,0,33,,5234,2,,,0,73,,5206,2,,,0,33,,5213,2,,,0,73,,5218,2,,,0,25,,5214,2,,,0,60,,5225,2,,,0,30,,5228,2,,,0
300,'66e3ca25-c949-45bf-aa5b-2bde8ae66f69',745,,5238,2,,,0,73,,5254,2,,,0,33,,5240,2,,,0,73,,5239,2,,,0,33,,5245,2,,,0,73,,5253,2,,,0,73,,5248,2,,,0,33,,5246,2,,,0,73,,5236,2,,,0,33,,5243,2,,,0,73,,5249,2,,,0,33,,5247,2,,,0,73,,5242,2,,,0,33,,5237,2,,,0,73,,5241,2,,,0,73,,5250,2,,,0,33,,5244,2,,,0,73,,5252,2,,,0,33,,5255,2,,,0,73,,5251,2,,,0,28,,5235,2,,,0
300,'9ba31bfb-7050-4158-afae-0ffd0d63aa0c',745,,5264,2,,,0,73,,5268,2,,,0,33,,5270,2,,,0,73,,5256,2,,,0,33,,5263,2,,,0,73,,5275,2,,,0,73,,5260,2,,,0,33,,5276,2,,,0,73,,5261,2,,,0,33,,5259,2,,,0,73,,5258,2,,,0,33,,5269,2,,,0,73,,5265,2,,,0,33,,5267,2,,,0,73,,5262,2,,,0,73,,5266,2,,,0,33,,5274,2,,,0,73,,5273,2,,,0,33,,5271,2,,,0,73,,5257,2,,,0,28,,5272,2,,,0
300,'a6a1e58d-53c4-44f8-9966-8649a3a2e257',606,,5284,2,,,0,34,,5299,2,,,0,72,,5305,2,,,0,33,,5293,2,,,0,73,,5295,2,,,0,33,,5298,2,,,0,73,,5290,2,,,0,33,,5286,2,,,0,73,,5300,2,,,0,73,,5303,2,,,0,33,,5288,2,,,0,73,,5283,2,,,0,33,,5307,2,,,0,76,,5304,2,,,0,35,,5294,2,,,0,75,,5296,2,,,0,75,,5291,2,,,0,35,,5301,2,,,0,75,,5287,2,,,0,35,,5285,2,,,0,75,,5277,2,,,0,35,,5308,2,,,0,72,,5302,2,,,0,74,,5297,2,,,0,33,,5279,2,,,0,73,,5282,2,,,0,33,,5292,2,,,0,73,,5278,2,,,0,33,,5306,2,,,0,73,,5280,2,,,0,25,,5289,2,,,0,60,,5281,2,,,0,30,,5309,2,,,0
300,'cdcafeae-7da3-4ec3-beeb-64e1ab4dbc4b',745,,5310,2,,,0,73,,5330,2,,,0,33,,5323,2,,,0,73,,5320,2,,,0,33,,5314,2,,,0,73,,5317,2,,,0,73,,5325,2,,,0,33,,5326,2,,,0,73,,5332,2,,,0,33,,5316,2,,,0,73,,5335,2,,,0,33,,5331,2,,,0,73,,5336,2,,,0,33,,5327,2,,,0,73,,5324,2,,,0,73,,5321,2,,,0,33,,5329,2,,,0,73,,5312,2,,,0,33,,5311,2,,,0,73,,5315,2,,,0,28,,5322,2,,,0,70,,5313,2,,,0,33,,5319,2,,,0,73,,5328,2,,,0,33,,5318,2,,,0,73,,5334,2,,,0,33,,5333,2,,,0
1006000,'a6a1e58d-53c4-44f8-9966-8649a3a2e257',645,,6036,4,,,0,96,,6048,4,,,0,100,,6042,4,,,0,105,,6044,4,,,0,100,,6043,4,,,0,100,,6045,4,,,0,100,,6047,4,,,0,100,,6040,4,,,0,100,,6037,4,,,0,105,,6046,4,,,0,100,,6038,4,,,0,100,,6041,4,,,0,100,,6039,4,,,0
1006100,'a6a1e58d-53c4-44f8-9966-8649a3a2e257',645,,6073,5,,,0,80,,6063,5,,,0,85,,6078,5,,,0,45,,6066,5,,,0,85,,6076,5,,,0,85,,6064,5,,,0,85,,6077,5,,,0,45,,6070,5,,,0,85,,6074,5,,,0,85,,6072,5,,,0,85,,6065,5,,,0,45,,6068,5,,,0,85,,6067,5,,,0,85,,6071,5,,,0,85,,6069,5,,,0,45,,6062,5,,,0,85,,6075,5,,,0
2006000,'a6a1e58d-53c4-44f8-9966-8649a3a2e257',621,,6105,4,,,0,93,,6102,4,,,0,100,,6101,4,,,0,105,,6104,4,,,0,100,,6106,4,,,0,100,,6100,4,,,0,100,,6099,4,,,0,100,,6109,4,,,0,100,,6098,4,,,0,105,,6103,4,,,0,100,,6108,4,,,0,100,,6107,4,,,0,100,,6097,4,,,0
3006000,'312abbf0-fdea-4eb9-96c5-7a94145aceb2',700,,6157,2,,,0,41,,6166,2,,,0,85,,6177,2,,,0,85,,6171,2,,,0,45,,6179,2,,,0,85,,6173,2,,,0,85,,6175,2,,,0,85,,6158,2,,,0,45,,6165,2,,,0,85,,6161,2,,,0,85,,6163,2,,,0,85,,6168,2,,,0,45,,6167,2,,,0,85,,6178,2,,,0,85,,6159,2,,,0,85,,6164,2,,,0,45,,6176,2,,,0,85,,6172,2,,,0,85,,6170,2,,,0,85,,6162,2,,,0,45,,6169,2,,,0,85,,6160,2,,,0,85,,6174,2,,,0
3006000,'66e3ca25-c949-45bf-aa5b-2bde8ae66f69',800,,6180,2,,,0,41,,6189,2,,,0,85,,6191,2,,,0,85,,6185,2,,,0,45,,6183,2,,,0,85,,6181,2,,,0,85,,6184,2,,,0,85,,6192,2,,,0,45,,6182,2,,,0,85,,6193,2,,,0,85,,6194,2,,,0,85,,6188,2,,,0,45,,6186,2,,,0,85,,6190,2,,,0,85,,6187,2,,,0
3006000,'9ba31bfb-7050-4158-afae-0ffd0d63aa0c',800,,6199,2,,,0,41,,6198,2,,,0,85,,6196,2,,,0,85,,6209,2,,,0,45,,6205,2,,,0,85,,6201,2,,,0,85,,6200,2,,,0,85,,6204,2,,,0,45,,6206,2,,,0,85,,6208,2,,,0,85,,6203,2,,,0,85,,6207,2,,,0,45,,6197,2,,,0,85,,6195,2,,,0,85,,6202,2,,,0
3006000,'a6a1e58d-53c4-44f8-9966-8649a3a2e257',1941,,6214,2,,,0,85,,6213,2,,,0,85,,6215,2,,,0,45,,6210,2,,,0,85,,6211,2,,,0,85,,6212,2,,,0
3006000,'cdcafeae-7da3-4ec3-beeb-64e1ab4dbc4b',800,,6221,2,,,0,41,,6227,2,,,0,85,,6226,2,,,0,85,,6223,2,,,0,45,,6224,2,,,0,85,,6230,2,,,0,85,,6229,2,,,0,85,,6228,2,,,0,45,,6219,2,,,0,85,,6225,2,,,0,85,,6222,2,,,0,85,,6218,2,,,0,45,,6216,2,,,0,85,,6217,2,,,0,85,,6220,2,,,0
