101,'312abbf0-fdea-4eb9-96c5-7a94145aceb2',701,,4804,65,,,0,33,,4823,65,,,0,73,,4825,65,,,0,33,,4818,65,,,0,73,,4805,65,,,0,33,,4835,65,,,0,73,,4814,65,,,0,33,,4827,65,,,0,73,,4809,65,,,0,33,,4811,65,,,0,73,,4834,65,,,0,73,,4816,65,,,0,37,,4829,65,,,0,75,,4836,65,,,0,35,,4832,65,,,0,75,,4813,65,,,0,75,,4815,65,,,0,35,,4826,65,,,0,75,,4824,65,,,0,35,,4819,65,,,0,71,,4806,65,,,0,33,,4828,65,,,0,73,,4808,65,,,0,33,,4821,65,,,0,73,,4810,65,,,0,73,,4822,65,,,0,33,,4807,65,,,0,70,,4831,65,,,0,26,,4817,65,,,0,70,,4820,65,,,0,30,,4833,65,,,0,10,,4830,65,,,0
101,'66e3ca25-c949-45bf-aa5b-2bde8ae66f69',807,,4856,65,,,0,33,,4843,65,,,0,73,,4844,65,,,0,33,,4842,65,,,0,73,,4837,65,,,0,33,,4854,65,,,0,73,,4852,65,,,0,33,,4841,65,,,0,73,,4839,65,,,0,73,,4847,65,,,0,33,,4858,65,,,0,73,,4853,65,,,0,33,,4838,65,,,0,73,,4849,65,,,0,33,,4840,65,,,0,73,,4851,65,,,0,33,,4848,65,,,0,73,,4857,65,,,0,73,,4850,65,,,0,33,,4855,65,,,0
101,'9ba31bfb-7050-4158-afae-0ffd0d63aa0c',807,,4872,65,,,0,33,,4880,65,,,0,73,,4859,65,,,0,33,,4877,65,,,0,73,,4869,65,,,0,33,,4866,65,,,0,73,,4870,65,,,0,33,,4861,65,,,0,73,,4876,65,,,0,73,,4863,65,,,0,33,,4879,65,,,0,73,,4867,65,,,0,33,,4868,65,,,0,73,,4860,65,,,0,33,,4864,65,,,0,73,,4875,65,,,0,33,,4871,65,,,0,73,,4865,65,,,0,73,,4873,65,,,0,33,,4874,65,,,0
101,'a6a1e58d-53c4-44f8-9966-8649a3a2e257',559,,4912,65,,,0,66,,4882,65,,,0,76,,4892,65,,,0,33,,4885,65,,,0,73,,4896,65,,,0,33,,4907,65,,,0,73,,4898,65,,,0,33,,4909,65,,,0,73,,4897,65,,,0,33,,4911,65,,,0,73,,4906,65,,,0,33,,4894,65,,,0,73,,4886,65,,,0,73,,4881,65,,,0,37,,4903,65,,,0,75,,4884,65,,,0,35,,4895,65,,,0,75,,4908,65,,,0,75,,4887,65,,,0,35,,4902,65,,,0,75,,4901,65,,,0,35,,4893,65,,,0,71,,4915,65,,,0,33,,4899,65,,,0,73,,4910,65,,,0,33,,4891,65,,,0,73,,4888,65,,,0,73,,4904,65,,,0,33,,4913,65,,,0,70,,4883,65,,,0,26,,4890,65,,,0,70,,4900,65,,,0,30,,4905,65,,,0,10,,4889,65,,,0
101,'cdcafeae-7da3-4ec3-beeb-64e1ab4dbc4b',807,,4934,65,,,0,33,,4929,65,,,0,73,,4916,65,,,0,33,,4920,65,,,0,73,,4925,65,,,0,33,,4933,65,,,0,73,,4937,65,,,0,33,,4917,65,,,0,73,,4935,65,,,0,73,,4931,65,,,0,33,,4924,65,,,0,73,,4919,65,,,0,33,,4932,65,,,0,73,,4921,65,,,0,33,,4923,65,,,0,73,,4926,65,,,0,33,,4927,65,,,0,73,,4918,65,,,0,73,,4936,65,,,0,33,,4922,65,,,0
201,'312abbf0-fdea-4eb9-96c5-7a94145aceb2',718,,5074,82,,,0,33,,5084,82,,,0,73,,5090,82,,,0,33,,5096,82,,,0,73,,5091,82,,,0,73,,5102,82,,,0,33,,5081,82,,,0,73,,5095,82,,,0,33,,5103,82,,,0,73,,5086,82,,,0,33,,5080,82,,,0,77,,5087,82,,,0,75,,5085,82,,,0,35,,5075,82,,,0,75,,5079,82,,,0,35,,5094,82,,,0,75,,5078,82,,,0,35,,5099,82,,,0,75,,5101,82,,,0,71,,5088,82,,,0,33,,5097,82,,,0,73,,5083,82,,,0,33,,5098,82,,,0,73,,5082,82,,,0,33,,5076,82,,,0,73,,5093,82,,,0,33,,5100,82,,,0,68,,5104,82,,,0,30,,5073,82,,,0,70,,5089,82,,,0,25,,5092,82,,,0
201,'66e3ca25-c949-45bf-aa5b-2bde8ae66f69',824,,5110,82,,,0,33,,5123,82,,,0,73,,5109,82,,,0,73,,5116,82,,,0,33,,5120,82,,,0,73,,5122,82,,,0,33,,5121,82,,,0,73,,5114,82,,,0,33,,5115,82,,,0,73,,5105,82,,,0,33,,5107,82,,,0,73,,5111,82,,,0,73,,5124,82,,,0,33,,5119,82,,,0,73,,5118,82,,,0,33,,5108,82,,,0,73,,5113,82,,,0,33,,5112,82,,,0,73,,5117,82,,,0,33,,5106,82,,,0
201,'9ba31bfb-7050-4158-afae-0ffd0d63aa0c',824,,5136,82,,,0,33,,5134,82,,,0,73,,5135,82,,,0,73,,5139,82,,,0,33,,5138,82,,,0,73,,5126,82,,,0,33,,5125,82,,,0,73,,5128,82,,,0,33,,5143,82,,,0,73,,5140,82,,,0,33,,5142,82,,,0,73,,5133,82,,,0,73,,5145,82,,,0,33,,5130,82,,,0,73,,5146,82,,,0,33,,5127,82,,,0,73,,5141,82,,,0,33,,5132,82,,,0,73,,5129,82,,,0,33,,5137,82,,,0
201,'a6a1e58d-53c4-44f8-9966-8649a3a2e257',612,,5156,82,,,0,33,,5169,82,,,0,73,,5158,82,,,0,33,,5164,82,,,0,73,,5147,82,,,0,33,,5173,82,,,0,73,,5171,82,,,0,73,,5160,82,,,0,33,,5177,82,,,0,73,,5172,82,,,0,33,,5162,82,,,0,73,,5153,82,,,0,33,,5181,82,,,0,77,,5165,82,,,0,75,,5174,82,,,0,35,,5166,82,,,0,75,,5178,82,,,0,35,,5155,82,,,0,75,,5167,82,,,0,35,,5148,82,,,0,73,,5152,82,,,0,73,,5179,82,,,0,33,,5168,82,,,0,73,,5159,82,,,0,33,,5157,82,,,0,73,,5161,82,,,0,33,,5175,82,,,0,73,,5170,82,,,0,33,,5180,82,,,0,68,,5149,82,,,0,30,,5163,82,,,0,70,,5176,82,,,0,25,,5151,82,,,0
201,'cdcafeae-7da3-4ec3-beeb-64e1ab4dbc4b',824,,5194,82,,,0,33,,5186,82,,,0,73,,5191,82,,,0,73,,5183,82,,,0,33,,5187,82,,,0,73,,5193,82,,,0,33,,5190,82,,,0,73,,5201,82,,,0,33,,5199,82,,,0,73,,5198,82,,,0,33,,5195,82,,,0,73,,5189,82,,,0,73,,5184,82,,,0,33,,5182,82,,,0,73,,5202,82,,,0,33,,5203,82,,,0,73,,5188,82,,,0,33,,5196,82,,,0,73,,5197,82,,,0,33,,5200,82,,,0
