201,'312abbf0-fdea-4eb9-96c5-7a94145aceb2',656,,5074,2,,,0,73,,5084,2,,,0,73,,5090,2,,,0,33,,5096,2,,,0,73,,5091,2,,,0,33,,5102,2,,,0,73,,5081,2,,,0,33,,5095,2,,,0,73,,5103,2,,,0,33,,5086,2,,,0,73,,5080,2,,,0,75,,5087,2,,,0,35,,5085,2,,,0,75,,5075,2,,,0,35,,5079,2,,,0,75,,5077,2,,,0,35,,5078,2,,,0,75,,5099,2,,,0,75,,5101,2,,,0,33,,5088,2,,,0,73,,5097,2,,,0,33,,5083,2,,,0,73,,5098,2,,,0,33,,5082,2,,,0,73,,5076,2,,,0,33,,5093,2,,,0,73,,5100,2,,,0,70,,5104,2,,,0,30,,5073,2,,,0,70,,5089,2,,,0,25,,5092,2,,,0
201,'66e3ca25-c949-45bf-aa5b-2bde8ae66f69',802,,5110,2,,,0,33,,5123,2,,,0,73,,5109,2,,,0,33,,5116,2,,,0,73,,5120,2,,,0,33,,5122,2,,,0,73,,5121,2,,,0,33,,5114,2,,,0,73,,5115,2,,,0,33,,5105,2,,,0,73,,5107,2,,,0,73,,5111,2,,,0,33,,5124,2,,,0,73,,5119,2,,,0,33,,5118,2,,,0,73,,5108,2,,,0,33,,5113,2,,,0,73,,5112,2,,,0,33,,5117,2,,,0,73,,5106,2,,,0
201,'9ba31bfb-7050-4158-afae-0ffd0d63aa0c',802,,5136,2,,,0,33,,5134,2,,,0,73,,5135,2,,,0,33,,5139,2,,,0,73,,5138,2,,,0,33,,5126,2,,,0,73,,5125,2,,,0,33,,5128,2,,,0,73,,5143,2,,,0,33,,5144,2,,,0,73,,5131,2,,,0,73,,5133,2,,,0,33,,5145,2,,,0,73,,5130,2,,,0,33,,5146,2,,,0,73,,5127,2,,,0,33,,5141,2,,,0,73,,5132,2,,,0,33,,5129,2,,,0,73,,5137,2,,,0
201,'a6a1e58d-53c4-44f8-9966-8649a3a2e257',550,,5156,2,,,0,73,,5169,2,,,0,33,,5158,2,,,0,73,,5164,2,,,0,73,,5147,2,,,0,33,,5173,2,,,0,73,,5171,2,,,0,33,,5160,2,,,0,73,,5177,2,,,0,33,,5172,2,,,0,73,,5162,2,,,0,33,,5153,2,,,0,73,,5181,2,,,0,75,,5165,2,,,0,35,,5150,2,,,0,75,,5166,2,,,0,35,,5178,2,,,0,75,,5155,2,,,0,35,,5154,2,,,0,75,,5148,2,,,0,75,,5152,2,,,0,33,,5179,2,,,0,73,,5168,2,,,0,33,,5159,2,,,0,73,,5157,2,,,0,33,,5161,2,,,0,73,,5175,2,,,0,33,,5170,2,,,0,73,,5180,2,,,0,70,,5149,2,,,0,30,,5163,2,,,0,70,,5176,2,,,0,25,,5151,2,,,0
201,'cdcafeae-7da3-4ec3-beeb-64e1ab4dbc4b',802,,5194,2,,,0,33,,5186,2,,,0,73,,5191,2,,,0,33,,5183,2,,,0,73,,5187,2,,,0,33,,5193,2,,,0,73,,5190,2,,,0,33,,5201,2,,,0,73,,5199,2,,,0,33,,5185,2,,,0,73,,5192,2,,,0,73,,5189,2,,,0,33,,5184,2,,,0,73,,5182,2,,,0,33,,5202,2,,,0,73,,5203,2,,,0,33,,5188,2,,,0,73,,5196,2,,,0,33,,5197,2,,,0,73,,5200,2,,,0
301,'312abbf0-fdea-4eb9-96c5-7a94145aceb2',715,,5338,3,,,0,33,,5358,3,,,0,73,,5352,3,,,0,33,,5340,3,,,0,73,,5355,3,,,0,73,,5342,3,,,0,33,,5359,3,,,0,73,,5357,3,,,0,33,,5343,3,,,0,73,,5337,3,,,0,34,,5350,3,,,0,75,,5354,3,,,0,35,,5364,3,,,0,75,,5356,3,,,0,75,,5344,3,,,0,35,,5348,3,,,0,75,,5347,3,,,0,35,,5339,3,,,0,75,,5345,3,,,0,74,,5367,3,,,0,34,,5351,3,,,0,73,,5365,3,,,0,33,,5366,3,,,0,73,,5363,3,,,0,33,,5361,3,,,0,73,,5353,3,,,0,33,,5349,3,,,0,73,,5346,3,,,0,20,,5360,3,,,0,70,,5362,3,,,0,25,,5341,3,,,0
301,'66e3ca25-c949-45bf-aa5b-2bde8ae66f69',748,,5380,3,,,0,73,,5386,3,,,0,33,,5377,3,,,0,73,,5368,3,,,0,73,,5378,3,,,0,33,,5371,3,,,0,73,,5385,3,,,0,33,,5383,3,,,0,73,,5388,3,,,0,33,,5373,3,,,0,73,,5379,3,,,0,33,,5372,3,,,0,73,,5369,3,,,0,33,,5381,3,,,0,73,,5376,3,,,0,73,,5375,3,,,0,33,,5370,3,,,0,73,,5384,3,,,0,33,,5387,3,,,0,73,,5374,3,,,0,25,,5382,3,,,0
301,'9ba31bfb-7050-4158-afae-0ffd0d63aa0c',748,,5409,3,,,0,73,,5389,3,,,0,33,,5406,3,,,0,73,,5405,3,,,0,73,,5391,3,,,0,33,,5400,3,,,0,73,,5393,3,,,0,33,,5401,3,,,0,73,,5397,3,,,0,33,,5390,3,,,0,73,,5402,3,,,0,33,,5399,3,,,0,73,,5408,3,,,0,33,,5394,3,,,0,73,,5395,3,,,0,73,,5396,3,,,0,33,,5404,3,,,0,73,,5392,3,,,0,33,,5407,3,,,0,73,,5398,3,,,0,25,,5403,3,,,0
301,'a6a1e58d-53c4-44f8-9966-8649a3a2e257',610,,5411,3,,,0,32,,5424,3,,,0,73,,5430,3,,,0,33,,5442,3,,,0,73,,5440,3,,,0,33,,5428,3,,,0,73,,5414,3,,,0,73,,5441,3,,,0,33,,5426,3,,,0,73,,5415,3,,,0,33,,5423,3,,,0,73,,5421,3,,,0,34,,5433,3,,,0,75,,5427,3,,,0,35,,5437,3,,,0,75,,5425,3,,,0,75,,5435,3,,,0,35,,5413,3,,,0,75,,5429,3,,,0,35,,5422,3,,,0,75,,5420,3,,,0,74,,5438,3,,,0,34,,5432,3,,,0,73,,5439,3,,,0,33,,5417,3,,,0,73,,5410,3,,,0,33,,5436,3,,,0,73,,5418,3,,,0,33,,5412,3,,,0,73,,5419,3,,,0,20,,5434,3,,,0,70,,5431,3,,,0,25,,5416,3,,,0
301,'cdcafeae-7da3-4ec3-beeb-64e1ab4dbc4b',748,,5459,3,,,0,73,,5447,3,,,0,33,,5455,3,,,0,73,,5462,3,,,0,73,,5468,3,,,0,33,,5446,3,,,0,73,,5465,3,,,0,33,,5449,3,,,0,73,,5452,3,,,0,33,,5451,3,,,0,73,,5456,3,,,0,33,,5454,3,,,0,73,,5464,3,,,0,33,,5448,3,,,0,73,,5461,3,,,0,73,,5458,3,,,0,33,,5444,3,,,0,73,,5469,3,,,0,33,,5445,3,,,0,73,,5457,3,,,0,25,,5460,3,,,0,73,,5467,3,,,0,33,,5450,3,,,0,73,,5470,3,,,0,33,,5466,3,,,0,73,,5443,3,,,0,33,,5453,3,,,0,73,,5463,3,,,0
401,'312abbf0-fdea-4eb9-96c5-7a94145aceb2',710,,5614,2,,,0,32,,5633,2,,,0,73,,5629,2,,,0,33,,5636,2,,,0,73,,5637,2,,,0,33,,5621,2,,,0,73,,5627,2,,,0,73,,5610,2,,,0,33,,5609,2,,,0,73,,5640,2,,,0,33,,5634,2,,,0,74,,5639,2,,,0,38,,5615,2,,,0,75,,5638,2,,,0,75,,5635,2,,,0,35,,5616,2,,,0,75,,5626,2,,,0,35,,5631,2,,,0,75,,5617,2,,,0,35,,5625,2,,,0,72,,5619,2,,,0,72,,5632,2,,,0,34,,5613,2,,,0,73,,5622,2,,,0,33,,5618,2,,,0,73,,5608,2,,,0,33,,5611,2,,,0,73,,5628,2,,,0,27,,5623,2,,,0,65,,5630,2,,,0,19,,5624,2,,,0
401,'66e3ca25-c949-45bf-aa5b-2bde8ae66f69',815,,5655,2,,,0,33,,5659,2,,,0,73,,5642,2,,,0,33,,5661,2,,,0,73,,5650,2,,,0,73,,5649,2,,,0,33,,5654,2,,,0,73,,5651,2,,,0,33,,5644,2,,,0,73,,5643,2,,,0,33,,5652,2,,,0,73,,5647,2,,,0,33,,5645,2,,,0,73,,5658,2,,,0,33,,5656,2,,,0,73,,5657,2,,,0,73,,5660,2,,,0,33,,5641,2,,,0,73,,5648,2,,,0,33,,5653,2,,,0
401,'9ba31bfb-7050-4158-afae-0ffd0d63aa0c',815,,5671,2,,,0,33,,5684,2,,,0,73,,5664,2,,,0,33,,5674,2,,,0,73,,5672,2,,,0,73,,5677,2,,,0,33,,5680,2,,,0,73,,5683,2,,,0,33,,5667,2,,,0,73,,5669,2,,,0,33,,5663,2,,,0,73,,5675,2,,,0,33,,5679,2,,,0,73,,5665,2,,,0,33,,5682,2,,,0,73,,5676,2,,,0,73,,5666,2,,,0,33,,5670,2,,,0,73,,5681,2,,,0,33,,5678,2,,,0
401,'a6a1e58d-53c4-44f8-9966-8649a3a2e257',605,,5707,2,,,0,31,,5696,2,,,0,74,,5688,2,,,0,32,,5702,2,,,0,73,,5693,2,,,0,33,,5712,2,,,0,73,,5699,2,,,0,33,,5686,2,,,0,73,,5697,2,,,0,73,,5713,2,,,0,33,,5715,2,,,0,73,,5706,2,,,0,33,,5687,2,,,0,74,,5685,2,,,0,38,,5689,2,,,0,75,,5704,2,,,0,75,,5705,2,,,0,35,,5708,2,,,0,75,,5701,2,,,0,35,,5700,2,,,0,75,,5694,2,,,0,35,,5716,2,,,0,72,,5692,2,,,0,72,,5710,2,,,0,34,,5690,2,,,0,73,,5703,2,,,0,33,,5717,2,,,0,73,,5698,2,,,0,33,,5709,2,,,0,73,,5695,2,,,0,27,,5711,2,,,0,65,,5691,2,,,0,19,,5714,2,,,0
401,'cdcafeae-7da3-4ec3-beeb-64e1ab4dbc4b',815,,5745,2,,,0,33,,5729,2,,,0,73,,5736,2,,,0,33,,5746,2,,,0,73,,5726,2,,,0,73,,5721,2,,,0,33,,5743,2,,,0,73,,5731,2,,,0,33,,5741,2,,,0,73,,5728,2,,,0,33,,5718,2,,,0,73,,5739,2,,,0,33,,5734,2,,,0,73,,5719,2,,,0,33,,5724,2,,,0,73,,5738,2,,,0,73,,5725,2,,,0,33,,5722,2,,,0,73,,5733,2,,,0,33,,5720,2,,,0,68,,5740,2,,,0,30,,5744,2,,,0,73,,5735,2,,,0,33,,5730,2,,,0,73,,5723,2,,,0,33,,5742,2,,,0,73,,5727,2,,,0
