200,'312abbf0-fdea-4eb9-96c5-7a94145aceb2',707,,4967,133,,,0,33,,4945,133,,,0,73,,4943,133,,,0,33,,4950,133,,,0,73,,4953,133,,,0,33,,4939,133,,,0,73,,4963,133,,,0,33,,4966,133,,,0,73,,4956,133,,,0,73,,4949,133,,,0,33,,4969,133,,,0,73,,4940,133,,,0,37,,4959,133,,,0,75,,4955,133,,,0,35,,4942,133,,,0,75,,4941,133,,,0,75,,4951,133,,,0,35,,4965,133,,,0,75,,4968,133,,,0,35,,4957,133,,,0,71,,4961,133,,,0,33,,4971,133,,,0,73,,4958,133,,,0,73,,4948,133,,,0,33,,4946,133,,,0,73,,4962,133,,,0,33,,4954,133,,,0,73,,4970,133,,,0,28,,4947,133,,,0,66,,4944,133,,,0,30,,4960,133,,,0
200,'66e3ca25-c949-45bf-aa5b-2bde8ae66f69',813,,4981,133,,,0,33,,4988,133,,,0,73,,4976,133,,,0,33,,4980,133,,,0,73,,4985,133,,,0,33,,4974,133,,,0,73,,4972,133,,,0,73,,4989,133,,,0,33,,4991,133,,,0,73,,4984,133,,,0,33,,4987,133,,,0,73,,4990,133,,,0,33,,4977,133,,,0,73,,4975,133,,,0,33,,4978,133,,,0,73,,4993,133,,,0,73,,4983,133,,,0,33,,4982,133,,,0,73,,4986,133,,,0,33,,4992,133,,,0
200,'9ba31bfb-7050-4158-afae-0ffd0d63aa0c',813,,4996,133,,,0,33,,5012,133,,,0,73,,4997,133,,,0,33,,5000,133,,,0,73,,5009,133,,,0,33,,4998,133,,,0,73,,5008,133,,,0,73,,5011,133,,,0,33,,5010,133,,,0,73,,5015,133,,,0,33,,5013,133,,,0,73,,5001,133,,,0,33,,5004,133,,,0,73,,5014,133,,,0,33,,5007,133,,,0,73,,4995,133,,,0,73,,5006,133,,,0,33,,5002,133,,,0,73,,4999,133,,,0,33,,5005,133,,,0
200,'a6a1e58d-53c4-44f8-9966-8649a3a2e257',608,,5032,133,,,0,24,,5028,133,,,0,75,,5048,133,,,0,33,,5035,133,,,0,73,,5027,133,,,0,33,,5025,133,,,0,73,,5033,133,,,0,33,,5034,133,,,0,73,,5040,133,,,0,33,,5041,133,,,0,73,,5037,133,,,0,73,,5020,133,,,0,33,,5044,133,,,0,73,,5042,133,,,0,37,,5026,133,,,0,75,,5038,133,,,0,35,,5024,133,,,0,75,,5050,133,,,0,75,,5017,133,,,0,35,,5043,133,,,0,75,,5031,133,,,0,35,,5036,133,,,0,71,,5045,133,,,0,33,,5016,133,,,0,73,,5018,133,,,0,73,,5023,133,,,0,33,,5021,133,,,0,73,,5029,133,,,0,33,,5030,133,,,0,73,,5049,133,,,0,28,,5022,133,,,0,66,,5046,133,,,0,30,,5019,133,,,0
200,'cdcafeae-7da3-4ec3-beeb-64e1ab4dbc4b',813,,5052,133,,,0,33,,5061,133,,,0,73,,5070,133,,,0,33,,5054,133,,,0,73,,5058,133,,,0,33,,5069,133,,,0,73,,5051,133,,,0,73,,5060,133,,,0,33,,5071,133,,,0,73,,5056,133,,,0,33,,5072,133,,,0,73,,5057,133,,,0,33,,5064,133,,,0,73,,5066,133,,,0,33,,5059,133,,,0,73,,5063,133,,,0,73,,5067,133,,,0,33,,5055,133,,,0,73,,5062,133,,,0,33,,5068,133,,,0
301,'312abbf0-fdea-4eb9-96c5-7a94145aceb2',723,,5338,16,,,0,33,,5358,16,,,0,73,,5352,16,,,0,73,,5340,16,,,0,33,,5355,16,,,0,73,,5342,16,,,0,33,,5359,16,,,0,73,,5357,16,,,0,33,,5343,16,,,0,73,,5337,16,,,0,35,,5350,16,,,0,75,,5354,16,,,0,75,,5364,16,,,0,35,,5356,16,,,0,75,,5344,16,,,0,35,,5348,16,,,0,75,,5347,16,,,0,75,,5339,16,,,0,35,,5345,16,,,0,73,,5367,16,,,0,34,,5351,16,,,0,73,,5365,16,,,0,33,,5366,16,,,0,73,,5363,16,,,0,33,,5361,16,,,0,73,,5353,16,,,0,73,,5349,16,,,0,33,,5346,16,,,0,20,,5360,16,,,0,70,,5362,16,,,0,25,,5341,16,,,0
301,'66e3ca25-c949-45bf-aa5b-2bde8ae66f69',756,,5380,16,,,0,73,,5386,16,,,0,73,,5377,16,,,0,33,,5368,16,,,0,73,,5378,16,,,0,33,,5371,16,,,0,73,,5385,16,,,0,33,,5383,16,,,0,73,,5388,16,,,0,33,,5373,16,,,0,73,,5379,16,,,0,33,,5372,16,,,0,73,,5369,16,,,0,73,,5381,16,,,0,33,,5376,16,,,0,73,,5375,16,,,0,33,,5370,16,,,0,73,,5384,16,,,0,33,,5387,16,,,0,73,,5374,16,,,0,25,,5382,16,,,0
301,'9ba31bfb-7050-4158-afae-0ffd0d63aa0c',756,,5409,16,,,0,73,,5389,16,,,0,73,,5406,16,,,0,33,,5405,16,,,0,73,,5391,16,,,0,33,,5400,16,,,0,73,,5393,16,,,0,33,,5401,16,,,0,73,,5397,16,,,0,33,,5390,16,,,0,73,,5402,16,,,0,33,,5399,16,,,0,73,,5408,16,,,0,73,,5394,16,,,0,33,,5395,16,,,0,73,,5396,16,,,0,33,,5404,16,,,0,73,,5392,16,,,0,33,,5407,16,,,0,73,,5398,16,,,0,25,,5403,16,,,0
301,'a6a1e58d-53c4-44f8-9966-8649a3a2e257',618,,5411,16,,,0,32,,5424,16,,,0,73,,5430,16,,,0,33,,5442,16,,,0,73,,5440,16,,,0,73,,5428,16,,,0,33,,5414,16,,,0,73,,5441,16,,,0,33,,5426,16,,,0,73,,5415,16,,,0,33,,5423,16,,,0,73,,5421,16,,,0,35,,5433,16,,,0,75,,5427,16,,,0,75,,5437,16,,,0,35,,5425,16,,,0,75,,5435,16,,,0,35,,5413,16,,,0,75,,5429,16,,,0,75,,5422,16,,,0,35,,5420,16,,,0,73,,5438,16,,,0,34,,5432,16,,,0,73,,5439,16,,,0,33,,5417,16,,,0,73,,5410,16,,,0,33,,5436,16,,,0,73,,5418,16,,,0,73,,5412,16,,,0,33,,5419,16,,,0,20,,5434,16,,,0,70,,5431,16,,,0,25,,5416,16,,,0
301,'cdcafeae-7da3-4ec3-beeb-64e1ab4dbc4b',756,,5459,16,,,0,73,,5447,16,,,0,73,,5455,16,,,0,33,,5462,16,,,0,73,,5468,16,,,0,33,,5446,16,,,0,73,,5465,16,,,0,33,,5449,16,,,0,73,,5452,16,,,0,33,,5451,16,,,0,73,,5456,16,,,0,33,,5454,16,,,0,73,,5464,16,,,0,73,,5448,16,,,0,33,,5461,16,,,0,73,,5458,16,,,0,33,,5444,16,,,0,73,,5469,16,,,0,33,,5445,16,,,0,73,,5457,16,,,0,25,,5460,16,,,0,73,,5467,16,,,0,33,,5450,16,,,0,73,,5470,16,,,0,73,,5466,16,,,0,33,,5443,16,,,0,73,,5453,16,,,0,33,,5463,16,,,0
6200,'a6a1e58d-53c4-44f8-9966-8649a3a2e257',715,,5999,27,,,0,35,,6003,27,,,0,80,,6011,27,,,0,80,,6006,27,,,0,40,,6007,27,,,0,80,,6009,27,,,0,80,,5993,27,,,0,40,,5997,27,,,0,80,,5988,27,,,0,80,,5992,27,,,0,40,,5995,27,,,0,80,,6008,27,,,0,80,,5996,27,,,0,40,,6001,27,,,0,80,,5989,27,,,0,80,,6000,27,,,0,40,,6005,27,,,0,80,,6002,27,,,0,80,,6010,27,,,0,40,,5994,27,,,0,80,,5991,27,,,0,80,,5990,27,,,0,35,,5998,27,,,0,75,,6004,27,,,0
