200,'8121286b-fd49-4716-b922-42f8d7dc989c',826,,3497,204,,,0,33,,3511,204,,,0,73,,3493,204,,,0,73,,3503,204,,,0,33,,3495,204,,,0,73,,3504,204,,,0,33,,3501,204,,,0,73,,3505,204,,,0,33,,3509,204,,,0,73,,3500,204,,,0,33,,3508,204,,,0,73,,3502,204,,,0,73,,3507,204,,,0,33,,3492,204,,,0,73,,3496,204,,,0,33,,3498,204,,,0,73,,3510,204,,,0,33,,3506,204,,,0,73,,3513,204,,,0,33,,3494,204,,,0
200,'b3648ede-5954-434f-9b9d-d5f08e1e70ad',826,,3514,204,,,0,33,,3530,204,,,0,73,,3523,204,,,0,73,,3520,204,,,0,33,,3525,204,,,0,73,,3528,204,,,0,33,,3532,204,,,0,73,,3531,204,,,0,33,,3535,204,,,0,73,,3534,204,,,0,33,,3517,204,,,0,73,,3519,204,,,0,73,,3524,204,,,0,33,,3518,204,,,0,73,,3529,204,,,0,33,,3533,204,,,0,73,,3516,204,,,0,33,,3515,204,,,0,73,,3526,204,,,0,33,,3527,204,,,0
200,'c48e9871-c7da-4ae0-bf7c-b3496ea4ba29',720,,3546,204,,,0,33,,3565,204,,,0,73,,3551,204,,,0,33,,3562,204,,,0,73,,3538,204,,,0,73,,3547,204,,,0,33,,3555,204,,,0,73,,3545,204,,,0,33,,3544,204,,,0,73,,3542,204,,,0,33,,3536,204,,,0,73,,3540,204,,,0,33,,3568,204,,,0,73,,3553,204,,,0,73,,3564,204,,,0,33,,3537,204,,,0,73,,3554,204,,,0,33,,3561,204,,,0,73,,3557,204,,,0,33,,3560,204,,,0,73,,3552,204,,,0,33,,3548,204,,,0,73,,3559,204,,,0,33,,3550,204,,,0,73,,3563,204,,,0,73,,3566,204,,,0,33,,3558,204,,,0,73,,3543,204,,,0,33,,3567,204,,,0,73,,3549,204,,,0,30,,3541,204,,,0
200,'d7cebbf2-c439-48e5-af23-2183cbefe818',621,,3588,204,,,0,26,,3580,204,,,0,73,,3599,204,,,0,33,,3596,204,,,0,73,,3571,204,,,0,33,,3603,204,,,0,73,,3572,204,,,0,73,,3604,204,,,0,33,,3570,204,,,0,73,,3581,204,,,0,33,,3602,204,,,0,73,,3589,204,,,0,33,,3578,204,,,0,73,,3575,204,,,0,33,,3584,204,,,0,73,,3600,204,,,0,73,,3587,204,,,0,33,,3573,204,,,0,73,,3594,204,,,0,33,,3595,204,,,0,73,,3582,204,,,0,33,,3593,204,,,0,73,,3574,204,,,0,33,,3598,204,,,0,73,,3601,204,,,0,33,,3592,204,,,0,73,,3597,204,,,0,73,,3590,204,,,0,33,,3591,204,,,0,73,,3585,204,,,0,33,,3576,204,,,0,73,,3583,204,,,0,30,,3577,204,,,0
300,'8121286b-fd49-4716-b922-42f8d7dc989c',810,,3716,85,,,0,33,,3734,85,,,0,73,,3720,85,,,0,33,,3715,85,,,0,73,,3719,85,,,0,33,,3714,85,,,0,73,,3717,85,,,0,73,,3718,85,,,0,33,,3722,85,,,0,73,,3721,85,,,0,33,,3726,85,,,0,73,,3727,85,,,0,33,,3725,85,,,0,73,,3728,85,,,0,33,,3723,85,,,0,73,,3724,85,,,0,33,,3732,85,,,0,73,,3731,85,,,0,73,,3730,85,,,0,33,,3733,85,,,0,68,,3729,85,,,0
300,'b3648ede-5954-434f-9b9d-d5f08e1e70ad',810,,3741,85,,,0,33,,3737,85,,,0,73,,3750,85,,,0,33,,3755,85,,,0,73,,3748,85,,,0,33,,3745,85,,,0,73,,3754,85,,,0,73,,3740,85,,,0,33,,3749,85,,,0,73,,3752,85,,,0,33,,3753,85,,,0,73,,3742,85,,,0,33,,3739,85,,,0,73,,3735,85,,,0,33,,3747,85,,,0,73,,3746,85,,,0,33,,3743,85,,,0,73,,3744,85,,,0,73,,3751,85,,,0,33,,3736,85,,,0,68,,3738,85,,,0
300,'c48e9871-c7da-4ae0-bf7c-b3496ea4ba29',737,,3770,85,,,0,73,,3776,85,,,0,33,,3782,85,,,0,73,,3759,85,,,0,33,,3786,85,,,0,73,,3777,85,,,0,33,,3783,85,,,0,73,,3757,85,,,0,73,,3756,85,,,0,33,,3779,85,,,0,73,,3773,85,,,0,33,,3780,85,,,0,73,,3778,85,,,0,33,,3764,85,,,0,73,,3775,85,,,0,33,,3768,85,,,0,73,,3766,85,,,0,33,,3784,85,,,0,73,,3760,85,,,0,73,,3771,85,,,0,33,,3762,85,,,0,73,,3765,85,,,0,33,,3767,85,,,0,73,,3785,85,,,0,33,,3774,85,,,0,73,,3763,85,,,0,33,,3769,85,,,0,73,,3761,85,,,0,73,,3758,85,,,0,24,,3772,85,,,0,30,,3781,85,,,0
300,'d7cebbf2-c439-48e5-af23-2183cbefe818',631,,3794,85,,,0,74,,3814,85,,,0,32,,3817,85,,,0,73,,3803,85,,,0,33,,3819,85,,,0,73,,3806,85,,,0,33,,3816,85,,,0,73,,3807,85,,,0,33,,3818,85,,,0,73,,3811,85,,,0,73,,3802,85,,,0,33,,3792,85,,,0,73,,3787,85,,,0,33,,3796,85,,,0,73,,3812,85,,,0,33,,3799,85,,,0,73,,3813,85,,,0,33,,3800,85,,,0,73,,3809,85,,,0,33,,3797,85,,,0,73,,3798,85,,,0,73,,3791,85,,,0,33,,3793,85,,,0,73,,3789,85,,,0,33,,3804,85,,,0,73,,3801,85,,,0,33,,3815,85,,,0,73,,3808,85,,,0,33,,3810,85,,,0,73,,3795,85,,,0,73,,3790,85,,,0,24,,3805,85,,,0,30,,3788,85,,,0
400,'8121286b-fd49-4716-b922-42f8d7dc989c',845,,3940,151,,,0,71,,3931,151,,,0,33,,3933,151,,,0,73,,3930,151,,,0,33,,3941,151,,,0,73,,3936,151,,,0,73,,3937,151,,,0,33,,3927,151,,,0,73,,3934,151,,,0,33,,3943,151,,,0,73,,3944,151,,,0,33,,3942,151,,,0,73,,3928,151,,,0,33,,3938,151,,,0,73,,3935,151,,,0,33,,3939,151,,,0,73,,3929,151,,,0,73,,3945,151,,,0,33,,3926,151,,,0,73,,3932,150,,,0
400,'b3648ede-5954-434f-9b9d-d5f08e1e70ad',845,,3950,151,,,0,71,,3951,151,,,0,33,,3961,151,,,0,73,,3947,151,,,0,33,,3953,151,,,0,73,,3956,151,,,0,73,,3946,151,,,0,33,,3955,151,,,0,73,,3963,151,,,0,33,,3958,151,,,0,73,,3960,151,,,0,33,,3965,151,,,0,73,,3964,151,,,0,33,,3962,151,,,0,73,,3952,151,,,0,33,,3949,151,,,0,73,,3959,151,,,0,73,,3957,151,,,0,33,,3948,151,,,0,73,,3954,150,,,0
400,'c48e9871-c7da-4ae0-bf7c-b3496ea4ba29',738,,3969,151,,,0,72,,3992,151,,,0,35,,3984,151,,,0,71,,3981,151,,,0,33,,3988,151,,,0,73,,3975,151,,,0,33,,3982,151,,,0,73,,3980,151,,,0,73,,3968,151,,,0,33,,3985,151,,,0,73,,3987,151,,,0,33,,3994,151,,,0,73,,3970,151,,,0,33,,3991,151,,,0,73,,3997,151,,,0,33,,3971,151,,,0,73,,3989,151,,,0,33,,3977,151,,,0,73,,3986,151,,,0,73,,3967,151,,,0,33,,3974,151,,,0,73,,3983,151,,,0,33,,3976,151,,,0,73,,3972,151,,,0,33,,3995,151,,,0,73,,3993,151,,,0,33,,3973,151,,,0,73,,3996,151,,,0,73,,3979,151,,,0,33,,3998,151,,,0,66,,3978,150,,,0
400,'d7cebbf2-c439-48e5-af23-2183cbefe818',640,,4013,151,,,0,65,,4027,151,,,0,33,,4022,151,,,0,72,,4008,151,,,0,34,,4003,151,,,0,72,,4030,151,,,0,33,,4025,151,,,0,73,,4001,151,,,0,33,,4016,151,,,0,73,,4015,151,,,0,73,,4000,151,,,0,33,,4017,151,,,0,73,,4010,151,,,0,33,,4032,151,,,0,73,,4007,151,,,0,33,,4005,151,,,0,73,,4009,151,,,0,33,,4023,151,,,0,73,,4011,151,,,0,33,,4020,151,,,0,73,,4012,151,,,0,73,,4002,151,,,0,33,,4014,151,,,0,73,,4029,151,,,0,33,,4026,151,,,0,73,,4004,151,,,0,33,,4031,151,,,0,73,,4018,151,,,0,33,,4021,151,,,0,73,,4019,151,,,0,73,,4024,151,,,0,33,,4006,151,,,0,66,,3999,150,,,0
