101,'312abbf0-fdea-4eb9-96c5-7a94145aceb2',659,,4804,60,,,0,73,,4823,60,,,0,73,,4825,60,,,0,33,,4818,60,,,0,73,,4805,60,,,0,33,,4835,60,,,0,73,,4814,60,,,0,33,,4827,60,,,0,73,,4809,60,,,0,33,,4811,60,,,0,73,,4834,60,,,0,73,,4816,60,,,0,36,,4829,60,,,0,75,,4836,60,,,0,35,,4832,60,,,0,75,,4813,60,,,0,35,,4815,60,,,0,75,,4826,60,,,0,75,,4824,60,,,0,35,,4819,60,,,0,72,,4806,60,,,0,33,,4828,60,,,0,73,,4808,60,,,0,33,,4821,60,,,0,73,,4810,60,,,0,73,,4822,60,,,0,33,,4807,60,,,0,70,,4831,60,,,0,26,,4817,60,,,0,30,,4820,60,,,0,70,,4833,60,,,0,10,,4830,60,,,0
101,'66e3ca25-c949-45bf-aa5b-2bde8ae66f69',805,,4856,60,,,0,33,,4843,60,,,0,73,,4844,60,,,0,33,,4842,60,,,0,73,,4837,60,,,0,33,,4854,60,,,0,73,,4852,60,,,0,33,,4841,60,,,0,73,,4839,60,,,0,73,,4847,60,,,0,33,,4858,60,,,0,73,,4853,60,,,0,33,,4838,60,,,0,73,,4849,60,,,0,33,,4840,60,,,0,73,,4851,60,,,0,33,,4848,60,,,0,73,,4857,60,,,0,33,,4850,60,,,0,73,,4855,60,,,0
101,'9ba31bfb-7050-4158-afae-0ffd0d63aa0c',805,,4872,60,,,0,33,,4880,60,,,0,73,,4859,60,,,0,33,,4877,60,,,0,73,,4869,60,,,0,33,,4866,60,,,0,73,,4870,60,,,0,33,,4861,60,,,0,73,,4876,60,,,0,73,,4863,60,,,0,33,,4879,60,,,0,73,,4867,60,,,0,33,,4868,60,,,0,73,,4860,60,,,0,33,,4864,60,,,0,73,,4875,60,,,0,33,,4871,60,,,0,73,,4865,60,,,0,33,,4873,60,,,0,73,,4874,60,,,0
101,'a6a1e58d-53c4-44f8-9966-8649a3a2e257',557,,4912,60,,,0,66,,4882,60,,,0,36,,4892,60,,,0,73,,4885,60,,,0,73,,4896,60,,,0,33,,4907,60,,,0,73,,4898,60,,,0,33,,4909,60,,,0,73,,4897,60,,,0,33,,4911,60,,,0,73,,4906,60,,,0,33,,4894,60,,,0,73,,4886,60,,,0,73,,4881,60,,,0,36,,4903,60,,,0,75,,4884,60,,,0,35,,4895,60,,,0,75,,4908,60,,,0,35,,4887,60,,,0,75,,4902,60,,,0,75,,4901,60,,,0,35,,4893,60,,,0,72,,4915,60,,,0,33,,4899,60,,,0,73,,4910,60,,,0,33,,4891,60,,,0,73,,4888,60,,,0,73,,4904,60,,,0,33,,4913,60,,,0,70,,4883,60,,,0,26,,4890,60,,,0,30,,4900,60,,,0,70,,4905,60,,,0,10,,4889,60,,,0
101,'cdcafeae-7da3-4ec3-beeb-64e1ab4dbc4b',805,,4934,60,,,0,33,,4929,60,,,0,73,,4916,60,,,0,33,,4920,60,,,0,73,,4925,60,,,0,33,,4933,60,,,0,73,,4937,60,,,0,33,,4917,60,,,0,73,,4935,60,,,0,73,,4931,60,,,0,33,,4924,60,,,0,73,,4919,60,,,0,33,,4932,60,,,0,73,,4921,60,,,0,33,,4923,60,,,0,73,,4926,60,,,0,33,,4927,60,,,0,73,,4918,60,,,0,33,,4936,60,,,0,73,,4922,60,,,0
201,'312abbf0-fdea-4eb9-96c5-7a94145aceb2',716,,5074,78,,,0,33,,5084,78,,,0,73,,5090,78,,,0,33,,5096,78,,,0,73,,5091,78,,,0,73,,5102,78,,,0,33,,5081,78,,,0,73,,5095,78,,,0,33,,5103,78,,,0,73,,5086,78,,,0,33,,5080,78,,,0,76,,5087,78,,,0,35,,5085,78,,,0,75,,5075,78,,,0,75,,5079,78,,,0,35,,5094,78,,,0,75,,5078,78,,,0,35,,5099,78,,,0,75,,5101,78,,,0,32,,5088,78,,,0,73,,5097,78,,,0,73,,5083,78,,,0,33,,5098,78,,,0,73,,5082,78,,,0,33,,5076,78,,,0,73,,5093,78,,,0,33,,5100,78,,,0,68,,5104,78,,,0,30,,5073,78,,,0,70,,5089,78,,,0,25,,5092,78,,,0
201,'66e3ca25-c949-45bf-aa5b-2bde8ae66f69',822,,5110,78,,,0,33,,5123,78,,,0,73,,5109,78,,,0,73,,5116,78,,,0,33,,5120,78,,,0,73,,5122,78,,,0,33,,5121,78,,,0,73,,5114,78,,,0,33,,5115,78,,,0,73,,5105,78,,,0,33,,5107,78,,,0,73,,5111,78,,,0,33,,5124,78,,,0,73,,5119,78,,,0,73,,5118,78,,,0,33,,5108,78,,,0,73,,5113,78,,,0,33,,5112,78,,,0,73,,5117,78,,,0,33,,5106,78,,,0
201,'9ba31bfb-7050-4158-afae-0ffd0d63aa0c',822,,5136,78,,,0,33,,5134,78,,,0,73,,5135,78,,,0,73,,5139,78,,,0,33,,5138,78,,,0,73,,5126,78,,,0,33,,5125,78,,,0,73,,5128,78,,,0,33,,5143,78,,,0,73,,5140,78,,,0,33,,5142,78,,,0,73,,5133,78,,,0,33,,5145,78,,,0,73,,5130,78,,,0,73,,5146,78,,,0,33,,5127,78,,,0,73,,5141,78,,,0,33,,5132,78,,,0,73,,5129,78,,,0,33,,5137,78,,,0
201,'a6a1e58d-53c4-44f8-9966-8649a3a2e257',610,,5156,78,,,0,33,,5169,78,,,0,73,,5158,78,,,0,33,,5164,78,,,0,73,,5147,78,,,0,33,,5173,78,,,0,73,,5171,78,,,0,73,,5160,78,,,0,33,,5177,78,,,0,73,,5172,78,,,0,33,,5162,78,,,0,73,,5153,78,,,0,33,,5181,78,,,0,76,,5165,78,,,0,35,,5174,78,,,0,75,,5166,78,,,0,75,,5178,78,,,0,35,,5155,78,,,0,75,,5167,78,,,0,35,,5148,78,,,0,74,,5152,78,,,0,33,,5179,78,,,0,73,,5168,78,,,0,73,,5159,78,,,0,33,,5157,78,,,0,73,,5161,78,,,0,33,,5175,78,,,0,73,,5170,78,,,0,33,,5180,78,,,0,68,,5149,78,,,0,30,,5163,78,,,0,70,,5176,78,,,0,25,,5151,78,,,0
201,'cdcafeae-7da3-4ec3-beeb-64e1ab4dbc4b',822,,5194,78,,,0,33,,5186,78,,,0,73,,5191,78,,,0,73,,5183,78,,,0,33,,5187,78,,,0,73,,5193,78,,,0,33,,5190,78,,,0,73,,5201,78,,,0,33,,5199,78,,,0,73,,5198,78,,,0,33,,5195,78,,,0,73,,5189,78,,,0,33,,5184,78,,,0,73,,5182,78,,,0,73,,5202,78,,,0,33,,5203,78,,,0,73,,5188,78,,,0,33,,5196,78,,,0,73,,5197,78,,,0,33,,5200,78,,,0
