100,'312abbf0-fdea-4eb9-96c5-7a94145aceb2',712,,4687,110,,,0,36,,4688,110,,,0,73,,4674,110,,,0,33,,4683,110,,,0,73,,4679,110,,,0,73,,4671,110,,,0,33,,4680,110,,,0,73,,4676,110,,,0,33,,4675,110,,,0,73,,4669,110,,,0,33,,4673,110,,,0,73,,4693,110,,,0,36,,4697,110,,,0,75,,4690,110,,,0,75,,4694,110,,,0,35,,4682,110,,,0,75,,4689,110,,,0,35,,4686,110,,,0,76,,4684,110,,,0,34,,4691,110,,,0,72,,4685,110,,,0,73,,4700,110,,,0,33,,4677,110,,,0,73,,4678,110,,,0,33,,4695,110,,,0,73,,4696,110,,,0,33,,4698,110,,,0,73,,4672,110,,,0,30,,4699,110,,,0,57,,4668,110,,,0,30,,4670,119,,,0,63,,4681,119,,,0
100,'66e3ca25-c949-45bf-aa5b-2bde8ae66f69',821,,4721,110,,,0,33,,4711,110,,,0,73,,4712,110,,,0,73,,4702,110,,,0,33,,4719,110,,,0,73,,4701,110,,,0,33,,4705,110,,,0,73,,4714,110,,,0,33,,4715,110,,,0,73,,4716,110,,,0,33,,4720,110,,,0,73,,4709,110,,,0,33,,4708,110,,,0,73,,4710,110,,,0,73,,4706,110,,,0,33,,4717,110,,,0,73,,4707,110,,,0,33,,4718,110,,,0,73,,4704,110,,,0,33,,4713,119,,,0,65,,4703,119,,,0
100,'9ba31bfb-7050-4158-afae-0ffd0d63aa0c',821,,4732,110,,,0,33,,4733,110,,,0,73,,4725,110,,,0,73,,4744,110,,,0,33,,4724,110,,,0,73,,4736,110,,,0,33,,4726,110,,,0,73,,4727,110,,,0,33,,4734,110,,,0,73,,4731,110,,,0,33,,4738,110,,,0,73,,4723,110,,,0,33,,4743,110,,,0,73,,4729,110,,,0,73,,4742,110,,,0,33,,4737,110,,,0,73,,4722,110,,,0,33,,4735,110,,,0,73,,4741,110,,,0,33,,4730,119,,,0,65,,4728,119,,,0
100,'a6a1e58d-53c4-44f8-9966-8649a3a2e257',618,,4746,110,,,0,28,,4777,110,,,0,69,,4750,110,,,0,33,,4776,110,,,0,73,,4759,110,,,0,33,,4764,110,,,0,73,,4778,110,,,0,73,,4754,110,,,0,33,,4747,110,,,0,73,,4757,110,,,0,33,,4758,110,,,0,73,,4768,110,,,0,33,,4761,110,,,0,73,,4766,110,,,0,36,,4762,110,,,0,75,,4749,110,,,0,75,,4767,110,,,0,35,,4772,110,,,0,75,,4771,110,,,0,35,,4774,110,,,0,75,,4752,110,,,0,35,,4769,110,,,0,72,,4748,110,,,0,73,,4770,110,,,0,33,,4745,110,,,0,73,,4760,110,,,0,33,,4773,110,,,0,73,,4751,110,,,0,33,,4753,110,,,0,73,,4763,110,,,0,30,,4779,110,,,0,57,,4755,110,,,0,30,,4765,119,,,0,63,,4756,119,,,0
100,'cdcafeae-7da3-4ec3-beeb-64e1ab4dbc4b',821,,4799,110,,,0,33,,4791,110,,,0,73,,4788,110,,,0,73,,4797,110,,,0,33,,4802,110,,,0,73,,4790,110,,,0,33,,4801,110,,,0,73,,4784,110,,,0,33,,4795,110,,,0,73,,4800,110,,,0,33,,4789,110,,,0,73,,4798,110,,,0,33,,4780,110,,,0,73,,4782,110,,,0,73,,4792,110,,,0,33,,4781,110,,,0,73,,4783,110,,,0,33,,4794,110,,,0,73,,4793,110,,,0,33,,4785,119,,,0,65,,4787,119,,,0
200,'312abbf0-fdea-4eb9-96c5-7a94145aceb2',731,,4945,102,,,0,73,,4943,102,,,0,33,,4950,102,,,0,73,,4953,102,,,0,33,,4939,102,,,0,73,,4963,102,,,0,33,,4966,102,,,0,73,,4956,102,,,0,33,,4949,102,,,0,73,,4969,102,,,0,73,,4940,102,,,0,36,,4959,102,,,0,75,,4955,102,,,0,35,,4942,102,,,0,75,,4964,102,,,0,35,,4938,102,,,0,75,,4965,102,,,0,75,,4968,102,,,0,35,,4957,102,,,0,72,,4961,102,,,0,33,,4971,102,,,0,73,,4958,102,,,0,33,,4948,102,,,0,73,,4946,102,,,0,33,,4962,102,,,0,73,,4954,102,,,0,73,,4970,102,,,0,28,,4947,102,,,0,26,,4944,102,,,0,70,,4960,102,,,0,20,,4952,102,,,0
200,'66e3ca25-c949-45bf-aa5b-2bde8ae66f69',837,,4988,102,,,0,73,,4976,102,,,0,33,,4980,102,,,0,73,,4985,102,,,0,33,,4974,102,,,0,73,,4972,102,,,0,33,,4989,102,,,0,73,,4991,102,,,0,73,,4984,102,,,0,33,,4979,102,,,0,73,,4990,102,,,0,33,,4977,102,,,0,73,,4975,102,,,0,33,,4978,102,,,0,73,,4993,102,,,0,33,,4983,102,,,0,73,,4982,102,,,0,33,,4986,102,,,0,73,,4992,102,,,0,28,,4973,102,,,0
200,'9ba31bfb-7050-4158-afae-0ffd0d63aa0c',837,,5012,102,,,0,73,,4997,102,,,0,33,,5000,102,,,0,73,,5009,102,,,0,33,,4998,102,,,0,73,,5008,102,,,0,33,,5011,102,,,0,73,,5010,102,,,0,73,,5015,102,,,0,33,,5003,102,,,0,73,,5001,102,,,0,33,,5004,102,,,0,73,,5014,102,,,0,33,,5007,102,,,0,73,,4995,102,,,0,33,,5006,102,,,0,73,,5002,102,,,0,33,,4999,102,,,0,73,,5005,102,,,0,28,,4994,102,,,0
200,'a6a1e58d-53c4-44f8-9966-8649a3a2e257',623,,5028,102,,,0,35,,5048,102,,,0,73,,5035,102,,,0,73,,5027,102,,,0,33,,5025,102,,,0,73,,5033,102,,,0,33,,5034,102,,,0,73,,5040,102,,,0,33,,5041,102,,,0,73,,5037,102,,,0,33,,5020,102,,,0,73,,5044,102,,,0,73,,5042,102,,,0,36,,5047,102,,,0,75,,5038,102,,,0,35,,5024,102,,,0,75,,5050,102,,,0,35,,5017,102,,,0,75,,5043,102,,,0,75,,5031,102,,,0,35,,5036,102,,,0,72,,5045,102,,,0,33,,5016,102,,,0,73,,5018,102,,,0,33,,5023,102,,,0,73,,5021,102,,,0,33,,5029,102,,,0,73,,5030,102,,,0,73,,5049,102,,,0,28,,5022,102,,,0,26,,5046,102,,,0,70,,5019,102,,,0,20,,5039,102,,,0
200,'cdcafeae-7da3-4ec3-beeb-64e1ab4dbc4b',837,,5061,102,,,0,73,,5070,102,,,0,33,,5054,102,,,0,73,,5058,102,,,0,33,,5069,102,,,0,73,,5051,102,,,0,33,,5060,102,,,0,73,,5071,102,,,0,73,,5056,102,,,0,33,,5053,102,,,0,73,,5057,102,,,0,33,,5064,102,,,0,73,,5066,102,,,0,33,,5059,102,,,0,73,,5063,102,,,0,33,,5067,102,,,0,73,,5055,102,,,0,33,,5062,102,,,0,73,,5068,102,,,0,28,,5065,102,,,0
