200,'312abbf0-fdea-4eb9-96c5-7a94145aceb2',717,,4967,181,,,0,33,,4945,181,,,0,73,,4943,181,,,0,33,,4950,181,,,0,73,,4953,181,,,0,73,,4939,181,,,0,33,,4963,181,,,0,73,,4966,181,,,0,33,,4956,181,,,0,73,,4949,181,,,0,33,,4969,181,,,0,73,,4940,181,,,0,37,,4959,181,,,0,75,,4955,181,,,0,75,,4942,181,,,0,35,,4941,181,,,0,75,,4951,181,,,0,35,,4965,181,,,0,75,,4968,181,,,0,75,,4957,181,,,0,31,,4961,181,,,0,73,,4971,181,,,0,33,,4958,181,,,0,73,,4948,181,,,0,33,,4946,181,,,0,73,,4962,181,,,0,33,,4954,181,,,0,73,,4970,181,,,0,27,,4947,181,,,0,66,,4944,181,,,0,30,,4960,181,,,0
200,'66e3ca25-c949-45bf-aa5b-2bde8ae66f69',823,,4981,181,,,0,33,,4988,181,,,0,73,,4976,181,,,0,73,,4980,181,,,0,33,,4985,181,,,0,73,,4974,181,,,0,33,,4972,181,,,0,73,,4989,181,,,0,33,,4991,181,,,0,73,,4984,181,,,0,33,,4987,181,,,0,73,,4990,181,,,0,33,,4977,181,,,0,73,,4975,181,,,0,73,,4978,181,,,0,33,,4993,181,,,0,73,,4983,181,,,0,33,,4982,181,,,0,73,,4986,181,,,0,33,,4992,181,,,0
200,'9ba31bfb-7050-4158-afae-0ffd0d63aa0c',823,,4996,181,,,0,33,,5012,181,,,0,73,,4997,181,,,0,73,,5000,181,,,0,33,,5009,181,,,0,73,,4998,181,,,0,33,,5008,181,,,0,73,,5011,181,,,0,33,,5010,181,,,0,73,,5015,181,,,0,33,,5013,181,,,0,73,,5001,181,,,0,33,,5004,181,,,0,73,,5014,181,,,0,73,,5007,181,,,0,33,,4995,181,,,0,73,,5006,181,,,0,33,,5002,181,,,0,73,,4999,181,,,0,33,,5005,181,,,0
200,'a6a1e58d-53c4-44f8-9966-8649a3a2e257',618,,5032,181,,,0,24,,5028,181,,,0,75,,5048,181,,,0,33,,5035,181,,,0,73,,5027,181,,,0,33,,5025,181,,,0,73,,5033,181,,,0,73,,5034,181,,,0,33,,5040,181,,,0,73,,5041,181,,,0,33,,5037,181,,,0,73,,5020,181,,,0,33,,5044,181,,,0,73,,5042,181,,,0,37,,5026,181,,,0,75,,5038,181,,,0,75,,5024,181,,,0,35,,5050,181,,,0,75,,5017,181,,,0,35,,5043,181,,,0,75,,5031,181,,,0,75,,5036,181,,,0,31,,5045,181,,,0,73,,5016,181,,,0,33,,5018,181,,,0,73,,5023,181,,,0,33,,5021,181,,,0,73,,5029,181,,,0,33,,5030,181,,,0,73,,5049,181,,,0,27,,5022,181,,,0,66,,5046,181,,,0,30,,5019,181,,,0
200,'cdcafeae-7da3-4ec3-beeb-64e1ab4dbc4b',823,,5052,181,,,0,33,,5061,181,,,0,73,,5070,181,,,0,73,,5054,181,,,0,33,,5058,181,,,0,73,,5069,181,,,0,33,,5051,181,,,0,73,,5060,181,,,0,33,,5071,181,,,0,73,,5056,181,,,0,33,,5072,181,,,0,73,,5057,181,,,0,33,,5064,181,,,0,73,,5066,181,,,0,73,,5059,181,,,0,33,,5063,181,,,0,73,,5067,181,,,0,33,,5055,181,,,0,73,,5062,181,,,0,33,,5068,181,,,0
300,'312abbf0-fdea-4eb9-96c5-7a94145aceb2',734,,5217,70,,,0,73,,5229,70,,,0,33,,5227,70,,,0,73,,5215,70,,,0,33,,5209,70,,,0,73,,5216,70,,,0,33,,5222,70,,,0,73,,5230,70,,,0,33,,5220,70,,,0,73,,5212,70,,,0,73,,5208,70,,,0,38,,5226,70,,,0,75,,5204,70,,,0,35,,5223,70,,,0,75,,5224,70,,,0,75,,5231,70,,,0,35,,5210,70,,,0,75,,5232,70,,,0,35,,5211,70,,,0,73,,5205,70,,,0,32,,5207,70,,,0,74,,5219,70,,,0,33,,5233,70,,,0,73,,5221,70,,,0,73,,5234,70,,,0,33,,5206,70,,,0,73,,5213,70,,,0,29,,5218,70,,,0,65,,5214,70,,,0,20,,5225,70,,,0,30,,5228,70,,,0
300,'66e3ca25-c949-45bf-aa5b-2bde8ae66f69',807,,5238,70,,,0,33,,5254,70,,,0,73,,5240,70,,,0,33,,5239,70,,,0,73,,5245,70,,,0,33,,5253,70,,,0,73,,5248,70,,,0,33,,5246,70,,,0,73,,5236,70,,,0,73,,5243,70,,,0,33,,5249,70,,,0,73,,5247,70,,,0,33,,5242,70,,,0,73,,5237,70,,,0,33,,5241,70,,,0,73,,5250,70,,,0,33,,5244,70,,,0,73,,5252,70,,,0,73,,5255,70,,,0,33,,5251,70,,,0,68,,5235,70,,,0
300,'9ba31bfb-7050-4158-afae-0ffd0d63aa0c',807,,5264,70,,,0,33,,5268,70,,,0,73,,5270,70,,,0,33,,5256,70,,,0,73,,5263,70,,,0,33,,5275,70,,,0,73,,5260,70,,,0,33,,5276,70,,,0,73,,5261,70,,,0,73,,5259,70,,,0,33,,5258,70,,,0,73,,5269,70,,,0,33,,5265,70,,,0,73,,5267,70,,,0,33,,5262,70,,,0,73,,5266,70,,,0,33,,5274,70,,,0,73,,5273,70,,,0,73,,5271,70,,,0,33,,5257,70,,,0,68,,5272,70,,,0
300,'a6a1e58d-53c4-44f8-9966-8649a3a2e257',628,,5284,70,,,0,74,,5299,70,,,0,32,,5305,70,,,0,73,,5293,70,,,0,33,,5295,70,,,0,73,,5298,70,,,0,33,,5290,70,,,0,73,,5286,70,,,0,33,,5300,70,,,0,73,,5303,70,,,0,33,,5288,70,,,0,73,,5283,70,,,0,73,,5307,70,,,0,38,,5304,70,,,0,75,,5294,70,,,0,35,,5296,70,,,0,75,,5291,70,,,0,75,,5301,70,,,0,35,,5287,70,,,0,75,,5285,70,,,0,35,,5277,70,,,0,73,,5308,70,,,0,32,,5302,70,,,0,74,,5297,70,,,0,33,,5279,70,,,0,73,,5282,70,,,0,73,,5292,70,,,0,33,,5278,70,,,0,73,,5306,70,,,0,29,,5280,70,,,0,65,,5289,70,,,0,20,,5281,70,,,0,30,,5309,70,,,0
300,'cdcafeae-7da3-4ec3-beeb-64e1ab4dbc4b',807,,5310,70,,,0,33,,5330,70,,,0,73,,5323,70,,,0,33,,5320,70,,,0,73,,5314,70,,,0,33,,5317,70,,,0,73,,5325,70,,,0,33,,5326,70,,,0,73,,5332,70,,,0,73,,5316,70,,,0,33,,5335,70,,,0,73,,5331,70,,,0,33,,5336,70,,,0,73,,5327,70,,,0,33,,5324,70,,,0,73,,5321,70,,,0,33,,5329,70,,,0,73,,5312,70,,,0,73,,5311,70,,,0,33,,5315,70,,,0,68,,5322,70,,,0,30,,5313,70,,,0,73,,5319,70,,,0,33,,5328,70,,,0,73,,5318,70,,,0,33,,5334,70,,,0,73,,5333,70,,,0
400,'312abbf0-fdea-4eb9-96c5-7a94145aceb2',735,,5486,145,,,0,72,,5496,145,,,0,35,,5495,145,,,0,71,,5492,145,,,0,33,,5478,145,,,0,73,,5479,145,,,0,33,,5500,145,,,0,73,,5475,145,,,0,33,,5474,145,,,0,73,,5471,145,,,0,73,,5493,145,,,0,33,,5481,145,,,0,73,,5485,145,,,0,37,,5488,145,,,0,78,,5476,145,,,0,76,,5487,145,,,0,36,,5498,145,,,0,75,,5484,145,,,0,35,,5490,145,,,0,71,,5501,145,,,0,34,,5497,145,,,0,75,,5499,145,,,0,32,,5472,145,,,0,72,,5483,145,,,0,74,,5491,145,,,0,33,,5489,145,,,0,73,,5494,145,,,0,25,,5473,145,,,0,70,,5477,145,,,0,25,,5502,145,,,0,27,,5480,144,,,0
400,'66e3ca25-c949-45bf-aa5b-2bde8ae66f69',842,,5520,145,,,0,71,,5504,145,,,0,33,,5514,145,,,0,73,,5507,145,,,0,33,,5511,145,,,0,73,,5513,145,,,0,33,,5522,145,,,0,73,,5518,145,,,0,73,,5506,145,,,0,33,,5503,145,,,0,73,,5519,145,,,0,33,,5516,145,,,0,73,,5508,145,,,0,33,,5515,145,,,0,73,,5505,145,,,0,33,,5521,145,,,0,73,,5517,145,,,0,73,,5510,145,,,0,33,,5509,145,,,0,73,,5512,144,,,0
400,'9ba31bfb-7050-4158-afae-0ffd0d63aa0c',842,,5536,145,,,0,71,,5527,145,,,0,33,,5531,145,,,0,73,,5535,145,,,0,33,,5529,145,,,0,73,,5539,145,,,0,33,,5541,145,,,0,73,,5537,145,,,0,73,,5543,145,,,0,33,,5533,145,,,0,73,,5538,145,,,0,33,,5526,145,,,0,73,,5534,145,,,0,33,,5524,145,,,0,73,,5528,145,,,0,33,,5542,145,,,0,73,,5540,145,,,0,73,,5523,145,,,0,33,,5532,145,,,0,73,,5530,144,,,0
400,'a6a1e58d-53c4-44f8-9966-8649a3a2e257',637,,5572,145,,,0,65,,5561,145,,,0,33,,5566,145,,,0,72,,5553,145,,,0,34,,5573,145,,,0,72,,5578,145,,,0,33,,5570,145,,,0,73,,5544,145,,,0,33,,5554,145,,,0,73,,5571,145,,,0,33,,5547,145,,,0,73,,5558,145,,,0,73,,5560,145,,,0,33,,5559,145,,,0,73,,5550,145,,,0,37,,5562,145,,,0,78,,5556,145,,,0,76,,5557,145,,,0,36,,5549,145,,,0,75,,5567,145,,,0,35,,5564,145,,,0,71,,5569,145,,,0,34,,5552,145,,,0,75,,5555,145,,,0,32,,5574,145,,,0,72,,5565,145,,,0,74,,5563,145,,,0,33,,5577,145,,,0,73,,5548,145,,,0,25,,5576,145,,,0,70,,5568,145,,,0,25,,5546,145,,,0,27,,5551,144,,,0
400,'cdcafeae-7da3-4ec3-beeb-64e1ab4dbc4b',842,,5579,145,,,0,71,,5602,145,,,0,33,,5601,145,,,0,73,,5585,145,,,0,33,,5589,145,,,0,73,,5605,145,,,0,33,,5581,145,,,0,73,,5604,145,,,0,73,,5597,145,,,0,33,,5592,145,,,0,73,,5594,145,,,0,33,,5603,145,,,0,73,,5600,145,,,0,33,,5590,145,,,0,73,,5595,145,,,0,33,,5598,145,,,0,73,,5587,145,,,0,73,,5583,145,,,0,33,,5582,145,,,0,73,,5606,145,,,0,33,,5591,145,,,0,73,,5596,145,,,0,28,,5584,145,,,0,70,,5586,145,,,0,33,,5599,145,,,0,73,,5607,145,,,0
