401,'1fe0d92c-9044-4814-8d20-55198bafd146',634,,7247,78,,,0,71,,7256,78,,,0,34,,7269,78,,,0,72,,7263,78,,,0,33,,7245,78,,,0,73,,7241,78,,,0,33,,7261,78,,,0,73,,7255,78,,,0,33,,7249,78,,,0,73,,7268,78,,,0,73,,7259,78,,,0,33,,7262,78,,,0,73,,7246,78,,,0,35,,7264,78,,,0,78,,7266,78,,,0,35,,7250,78,,,0,75,,7270,78,,,0,75,,7243,78,,,0,35,,7267,78,,,0,75,,7251,78,,,0,34,,7242,78,,,0,75,,7244,78,,,0,32,,7260,78,,,0,72,,7254,78,,,0,74,,7248,78,,,0,33,,7273,78,,,0,73,,7265,78,,,0,33,,7272,78,,,0,73,,7257,78,,,0,29,,7258,78,,,0,67,,7252,78,,,0,25,,7253,78,,,0,19,,7271,78,,,0
401,'9ecf710c-601d-465c-83ad-25c219925bad',705,,7282,78,,,0,34,,7297,78,,,0,72,,7295,78,,,0,33,,7294,78,,,0,73,,7274,78,,,0,33,,7287,78,,,0,73,,7275,78,,,0,33,,7293,78,,,0,73,,7292,78,,,0,73,,7305,78,,,0,33,,7278,78,,,0,73,,7296,78,,,0,35,,7280,78,,,0,78,,7285,78,,,0,35,,7284,78,,,0,75,,7290,78,,,0,75,,7288,78,,,0,35,,7277,78,,,0,75,,7303,78,,,0,34,,7291,78,,,0,75,,7299,78,,,0,32,,7276,78,,,0,72,,7289,78,,,0,74,,7306,78,,,0,33,,7298,78,,,0,73,,7301,78,,,0,33,,7304,78,,,0,73,,7300,78,,,0,29,,7286,78,,,0,67,,7283,78,,,0,25,,7281,78,,,0,19,,7279,78,,,0
401,'bcaf19fe-11ef-4115-afbb-ac9c5f562f28',811,,7326,78,,,0,33,,7323,78,,,0,73,,7329,78,,,0,33,,7308,78,,,0,73,,7330,78,,,0,33,,7313,78,,,0,73,,7325,78,,,0,73,,7328,78,,,0,33,,7311,78,,,0,73,,7315,78,,,0,33,,7327,78,,,0,73,,7335,78,,,0,33,,7331,78,,,0,73,,7319,78,,,0,33,,7318,78,,,0,73,,7309,78,,,0,33,,7321,78,,,0,73,,7317,78,,,0,73,,7334,78,,,0,33,,7307,78,,,0,73,,7324,78,,,0,28,,7332,78,,,0,70,,7320,78,,,0,33,,7322,78,,,0,73,,7314,78,,,0,33,,7310,78,,,0,106,,7316,78,,,0
401,'bf660328-88ad-42b5-9a19-68afdd8f4a47',811,,7337,78,,,0,33,,7357,78,,,0,73,,7336,78,,,0,33,,7338,78,,,0,73,,7352,78,,,0,33,,7346,78,,,0,73,,7344,78,,,0,73,,7339,78,,,0,33,,7341,78,,,0,73,,7350,78,,,0,33,,7345,78,,,0,73,,7356,78,,,0,33,,7342,78,,,0,73,,7351,78,,,0,33,,7347,78,,,0,73,,7340,78,,,0,33,,7349,78,,,0,73,,7343,78,,,0,73,,7354,78,,,0,33,,7355,78,,,0
401,'ed28f9c7-46cd-41bf-a6ca-237f78214646',811,,7363,78,,,0,33,,7370,78,,,0,73,,7369,78,,,0,33,,7360,78,,,0,73,,7377,78,,,0,33,,7373,78,,,0,73,,7367,78,,,0,73,,7362,78,,,0,33,,7375,78,,,0,73,,7368,78,,,0,33,,7359,78,,,0,73,,7379,78,,,0,33,,7361,78,,,0,73,,7366,78,,,0,33,,7371,78,,,0,73,,7372,78,,,0,33,,7365,78,,,0,73,,7358,78,,,0,73,,7374,78,,,0,33,,7364,78,,,0
1006001,'1fe0d92c-9044-4814-8d20-55198bafd146',646,,7693,2,,,0,100,,7690,2,,,0,105,,7691,2,,,0,100,,7694,2,,,0,100,,7683,2,,,0,100,,7684,2,,,0,100,,7686,2,,,0,100,,7692,2,,,0,105,,7689,2,,,0,100,,7687,2,,,0,100,,7688,2,,,0,100,,7682,2,,,0
2006001,'1fe0d92c-9044-4814-8d20-55198bafd146',716,,7752,3,,,0,100,,7751,3,,,0,105,,7748,3,,,0,100,,7743,3,,,0,100,,7755,3,,,0,100,,7744,3,,,0,100,,7747,3,,,0,100,,7753,3,,,0,105,,7750,3,,,0,100,,7745,3,,,0,100,,7746,3,,,0,100,,7749,3,,,0
3006001,'1fe0d92c-9044-4814-8d20-55198bafd146',1920,,7867,5,,,0,85,,7864,5,,,0,45,,7868,5,,,0,85,,7865,5,,,0,85,,7869,5,,,0,85,,7866,5,,,0
3006001,'9ecf710c-601d-465c-83ad-25c219925bad',720,,7883,5,,,0,85,,7871,5,,,0,45,,7890,5,,,0,85,,7885,5,,,0,85,,7887,5,,,0,85,,7879,5,,,0,45,,7882,5,,,0,85,,7886,5,,,0,85,,7875,5,,,0,85,,7881,5,,,0,45,,7876,5,,,0,85,,7880,5,,,0,85,,7874,5,,,0,85,,7891,5,,,0,45,,7877,5,,,0,85,,7888,5,,,0,85,,7872,5,,,0,85,,7873,5,,,0,45,,7889,5,,,0,85,,7884,5,,,0,85,,7870,5,,,0,85,,7878,5,,,0
3006001,'bcaf19fe-11ef-4115-afbb-ac9c5f562f28',820,,7896,5,,,0,85,,7903,5,,,0,45,,7900,5,,,0,85,,7905,5,,,0,85,,7894,5,,,0,85,,7902,5,,,0,45,,7893,5,,,0,85,,7897,5,,,0,85,,7892,5,,,0,85,,7895,5,,,0,45,,7901,5,,,0,85,,7899,5,,,0,85,,7898,5,,,0,85,,7904,5,,,0
3006001,'bf660328-88ad-42b5-9a19-68afdd8f4a47',820,,7917,5,,,0,85,,7916,5,,,0,45,,7911,5,,,0,85,,7906,5,,,0,85,,7909,5,,,0,85,,7913,5,,,0,45,,7908,5,,,0,85,,7915,5,,,0,85,,7919,5,,,0,85,,7907,5,,,0,45,,7910,5,,,0,85,,7912,5,,,0,85,,7918,5,,,0,85,,7914,5,,,0
3006001,'ed28f9c7-46cd-41bf-a6ca-237f78214646',820,,7925,5,,,0,85,,7933,5,,,0,45,,7923,5,,,0,85,,7921,5,,,0,85,,7929,5,,,0,85,,7926,5,,,0,45,,7927,5,,,0,85,,7931,5,,,0,85,,7930,5,,,0,85,,7928,5,,,0,45,,7922,5,,,0,85,,7920,5,,,0,85,,7924,5,,,0,85,,7932,5,,,0
