100,'1fe0d92c-9044-4814-8d20-55198bafd146',604,,6309,13,,,0,28,,6302,13,,,0,69,,6334,13,,,0,33,,6324,13,,,0,73,,6327,13,,,0,33,,6314,13,,,0,73,,6303,13,,,0,33,,6329,13,,,0,73,,6307,13,,,0,33,,6335,13,,,0,73,,6312,13,,,0,33,,6315,13,,,0,73,,6333,13,,,0,73,,6311,13,,,0,36,,6328,13,,,0,75,,6320,13,,,0,35,,6308,13,,,0,75,,6323,13,,,0,75,,6317,13,,,0,35,,6301,13,,,0,75,,6325,13,,,0,35,,6321,13,,,0,72,,6330,13,,,0,33,,6331,13,,,0,73,,6318,13,,,0,33,,6306,13,,,0,73,,6319,13,,,0,73,,6316,13,,,0,33,,6305,13,,,0,73,,6332,13,,,0,30,,6322,13,,,0,20,,6304,13,,,0,70,,6310,13,,,0,23,,6326,13,,,0
100,'9ecf710c-601d-465c-83ad-25c219925bad',658,,6349,13,,,0,76,,6345,13,,,0,73,,6348,13,,,0,33,,6340,13,,,0,73,,6363,13,,,0,33,,6358,13,,,0,73,,6341,13,,,0,33,,6336,13,,,0,73,,6351,13,,,0,33,,6362,13,,,0,73,,6368,13,,,0,73,,6355,13,,,0,36,,6357,13,,,0,75,,6367,13,,,0,35,,6347,13,,,0,75,,6354,13,,,0,75,,6353,13,,,0,35,,6344,13,,,0,77,,6346,13,,,0,33,,6350,13,,,0,72,,6352,13,,,0,33,,6356,13,,,0,73,,6366,13,,,0,33,,6343,13,,,0,73,,6361,13,,,0,73,,6342,13,,,0,33,,6364,13,,,0,73,,6360,13,,,0,30,,6339,13,,,0,20,,6337,13,,,0,70,,6365,13,,,0,23,,6359,13,,,0
100,'bcaf19fe-11ef-4115-afbb-ac9c5f562f28',807,,6383,13,,,0,33,,6384,13,,,0,73,,6369,13,,,0,33,,6382,13,,,0,73,,6388,13,,,0,33,,6371,13,,,0,73,,6387,13,,,0,33,,6377,13,,,0,73,,6380,13,,,0,73,,6386,13,,,0,33,,6381,13,,,0,73,,6385,13,,,0,33,,6373,13,,,0,73,,6370,13,,,0,33,,6376,13,,,0,73,,6391,13,,,0,33,,6378,13,,,0,73,,6389,13,,,0,73,,6375,13,,,0,33,,6379,13,,,0,25,,6390,13,,,0
100,'bf660328-88ad-42b5-9a19-68afdd8f4a47',807,,6399,13,,,0,33,,6401,13,,,0,73,,6406,13,,,0,33,,6393,13,,,0,73,,6396,13,,,0,33,,6410,13,,,0,73,,6395,13,,,0,33,,6405,13,,,0,73,,6411,13,,,0,73,,6403,13,,,0,33,,6404,13,,,0,73,,6392,13,,,0,33,,6397,13,,,0,73,,6398,13,,,0,33,,6412,13,,,0,73,,6409,13,,,0,33,,6402,13,,,0,73,,6400,13,,,0,73,,6407,13,,,0,33,,6408,13,,,0,25,,6394,13,,,0
100,'ed28f9c7-46cd-41bf-a6ca-237f78214646',807,,6430,13,,,0,33,,6419,13,,,0,73,,6414,13,,,0,33,,6433,13,,,0,73,,6425,13,,,0,33,,6418,13,,,0,73,,6423,13,,,0,33,,6421,13,,,0,73,,6429,13,,,0,73,,6416,13,,,0,33,,6415,13,,,0,73,,6422,13,,,0,33,,6426,13,,,0,73,,6417,13,,,0,33,,6432,13,,,0,73,,6413,13,,,0,33,,6434,13,,,0,73,,6427,13,,,0,73,,6435,13,,,0,33,,6420,13,,,0,25,,6431,13,,,0
101,'1fe0d92c-9044-4814-8d20-55198bafd146',608,,6467,103,,,0,26,,6462,103,,,0,76,,6464,103,,,0,33,,6440,103,,,0,73,,6437,103,,,0,33,,6450,103,,,0,73,,6456,103,,,0,33,,6448,103,,,0,73,,6443,103,,,0,73,,6457,103,,,0,33,,6439,103,,,0,73,,6447,103,,,0,33,,6466,103,,,0,73,,6452,103,,,0,37,,6451,103,,,0,75,,6442,103,,,0,75,,6438,103,,,0,35,,6453,103,,,0,75,,6469,103,,,0,35,,6458,103,,,0,75,,6454,103,,,0,35,,6463,103,,,0,71,,6465,103,,,0,33,,6441,103,,,0,73,,6461,103,,,0,73,,6460,103,,,0,33,,6445,103,,,0,73,,6444,103,,,0,33,,6459,103,,,0,70,,6446,103,,,0,24,,6455,103,,,0,70,,6470,103,,,0,30,,6468,103,,,0,10,,6449,103,,,0
101,'9ecf710c-601d-465c-83ad-25c219925bad',710,,6471,103,,,0,33,,6482,103,,,0,73,,6490,103,,,0,33,,6504,103,,,0,73,,6473,103,,,0,33,,6496,103,,,0,73,,6481,103,,,0,73,,6502,103,,,0,33,,6476,103,,,0,73,,6499,103,,,0,33,,6495,103,,,0,73,,6477,103,,,0,37,,6498,103,,,0,75,,6484,103,,,0,75,,6483,103,,,0,35,,6479,103,,,0,75,,6488,103,,,0,35,,6475,103,,,0,75,,6494,103,,,0,35,,6501,103,,,0,71,,6480,103,,,0,33,,6500,103,,,0,73,,6497,103,,,0,73,,6493,103,,,0,33,,6492,103,,,0,73,,6489,103,,,0,33,,6486,103,,,0,70,,6472,103,,,0,24,,6474,103,,,0,70,,6485,103,,,0,30,,6491,103,,,0,10,,6478,103,,,0
101,'bcaf19fe-11ef-4115-afbb-ac9c5f562f28',816,,6516,103,,,0,33,,6518,103,,,0,73,,6522,103,,,0,33,,6507,103,,,0,73,,6506,103,,,0,73,,6511,103,,,0,33,,6509,103,,,0,73,,6505,103,,,0,33,,6526,103,,,0,73,,6510,103,,,0,33,,6521,103,,,0,73,,6515,103,,,0,33,,6508,103,,,0,73,,6525,103,,,0,33,,6513,103,,,0,73,,6520,103,,,0,73,,6523,103,,,0,33,,6519,103,,,0,73,,6517,103,,,0,33,,6524,103,,,0
101,'bf660328-88ad-42b5-9a19-68afdd8f4a47',816,,6548,103,,,0,33,,6527,103,,,0,73,,6537,103,,,0,33,,6534,103,,,0,73,,6547,103,,,0,73,,6539,103,,,0,33,,6541,103,,,0,73,,6535,103,,,0,33,,6542,103,,,0,73,,6545,103,,,0,33,,6538,103,,,0,73,,6533,103,,,0,33,,6531,103,,,0,73,,6530,103,,,0,33,,6529,103,,,0,73,,6546,103,,,0,73,,6532,103,,,0,33,,6536,103,,,0,73,,6543,103,,,0,33,,6540,103,,,0
101,'ed28f9c7-46cd-41bf-a6ca-237f78214646',816,,6565,103,,,0,33,,6567,103,,,0,73,,6569,103,,,0,33,,6550,103,,,0,73,,6557,103,,,0,73,,6563,103,,,0,33,,6564,103,,,0,73,,6556,103,,,0,33,,6561,103,,,0,73,,6554,103,,,0,33,,6552,103,,,0,73,,6553,103,,,0,33,,6558,103,,,0,73,,6562,103,,,0,33,,6549,103,,,0,73,,6555,103,,,0,73,,6560,103,,,0,33,,6559,103,,,0,73,,6568,103,,,0,33,,6551,103,,,0
201,'1fe0d92c-9044-4814-8d20-55198bafd146',621,,6714,133,,,0,33,,6727,133,,,0,73,,6711,133,,,0,73,,6737,133,,,0,33,,6710,133,,,0,73,,6708,133,,,0,33,,6706,133,,,0,73,,6736,133,,,0,33,,6732,133,,,0,73,,6720,133,,,0,33,,6715,133,,,0,73,,6718,133,,,0,33,,6712,133,,,0,77,,6719,133,,,0,75,,6717,133,,,0,35,,6739,133,,,0,75,,6740,133,,,0,35,,6707,133,,,0,75,,6730,133,,,0,75,,6716,133,,,0,33,,6729,133,,,0,73,,6721,133,,,0,33,,6725,133,,,0,73,,6738,133,,,0,33,,6722,133,,,0,73,,6709,133,,,0,33,,6724,133,,,0,73,,6735,133,,,0,73,,6733,133,,,0,26,,6726,133,,,0,30,,6713,133,,,0,70,,6734,133,,,0,25,,6731,133,,,0
201,'9ecf710c-601d-465c-83ad-25c219925bad',727,,6755,133,,,0,73,,6758,133,,,0,33,,6766,133,,,0,73,,6770,133,,,0,33,,6771,133,,,0,73,,6764,133,,,0,33,,6772,133,,,0,73,,6763,133,,,0,33,,6753,133,,,0,73,,6757,133,,,0,33,,6748,133,,,0,77,,6746,133,,,0,75,,6754,133,,,0,35,,6768,133,,,0,75,,6761,133,,,0,35,,6742,133,,,0,75,,6743,133,,,0,75,,6759,133,,,0,35,,6752,133,,,0,71,,6762,133,,,0,33,,6744,133,,,0,73,,6760,133,,,0,33,,6747,133,,,0,73,,6749,133,,,0,33,,6767,133,,,0,73,,6745,133,,,0,73,,6769,133,,,0,26,,6751,133,,,0,30,,6741,133,,,0,70,,6756,133,,,0,25,,6765,133,,,0
201,'bcaf19fe-11ef-4115-afbb-ac9c5f562f28',833,,6791,133,,,0,73,,6773,133,,,0,33,,6774,133,,,0,73,,6786,133,,,0,33,,6790,133,,,0,73,,6793,133,,,0,33,,6787,133,,,0,73,,6792,133,,,0,33,,6777,133,,,0,73,,6784,133,,,0,73,,6794,133,,,0,33,,6775,133,,,0,73,,6778,133,,,0,33,,6781,133,,,0,73,,6782,133,,,0,33,,6776,133,,,0,73,,6785,133,,,0,33,,6789,133,,,0,73,,6783,133,,,0,73,,6779,133,,,0
201,'bf660328-88ad-42b5-9a19-68afdd8f4a47',833,,6797,133,,,0,73,,6798,133,,,0,33,,6803,133,,,0,73,,6804,133,,,0,33,,6811,133,,,0,73,,6813,133,,,0,33,,6808,133,,,0,73,,6806,133,,,0,33,,6809,133,,,0,73,,6800,133,,,0,73,,6799,133,,,0,33,,6801,133,,,0,73,,6795,133,,,0,33,,6814,133,,,0,73,,6805,133,,,0,33,,6810,133,,,0,73,,6807,133,,,0,33,,6802,133,,,0,73,,6812,133,,,0,73,,6796,133,,,0
201,'ed28f9c7-46cd-41bf-a6ca-237f78214646',833,,6832,133,,,0,73,,6836,133,,,0,33,,6835,133,,,0,73,,6821,133,,,0,33,,6830,133,,,0,73,,6817,133,,,0,33,,6822,133,,,0,73,,6823,133,,,0,33,,6827,133,,,0,73,,6828,133,,,0,73,,6816,133,,,0,33,,6820,133,,,0,73,,6819,133,,,0,33,,6826,133,,,0,73,,6815,133,,,0,33,,6829,133,,,0,73,,6824,133,,,0,33,,6818,133,,,0,73,,6834,133,,,0,73,,6833,133,,,0
5101,'1fe0d92c-9044-4814-8d20-55198bafd146',628,,7417,73,,,0,23,,7433,73,,,0,79,,7419,73,,,0,80,,7418,73,,,0,40,,7420,73,,,0,80,,7426,73,,,0,80,,7429,73,,,0,40,,7416,73,,,0,83,,7422,73,,,0,85,,7425,73,,,0,85,,7423,73,,,0,45,,7430,73,,,0,85,,7432,73,,,0,85,,7415,73,,,0,85,,7424,73,,,0,45,,7431,73,,,0,85,,7427,73,,,0,80,,7428,73,,,0,40,,7421,73,,,0
5101,'9ecf710c-601d-465c-83ad-25c219925bad',729,,7437,73,,,0,80,,7439,73,,,0,40,,7449,73,,,0,80,,7444,73,,,0,80,,7446,73,,,0,40,,7450,73,,,0,80,,7448,73,,,0,80,,7451,73,,,0,40,,7442,73,,,0,80,,7436,73,,,0,80,,7441,73,,,0,40,,7445,73,,,0,80,,7440,73,,,0,80,,7435,73,,,0,40,,7447,73,,,0,80,,7434,73,,,0,80,,7438,73,,,0,40,,7443,73,,,0
5201,'1fe0d92c-9044-4814-8d20-55198bafd146',611,,7501,94,,,0,20,,7496,94,,,0,76,,7500,94,,,0,40,,7506,94,,,0,80,,7503,94,,,0,80,,7505,94,,,0,40,,7491,94,,,0,80,,7502,94,,,0,80,,7498,94,,,0,40,,7499,94,,,0,80,,7507,94,,,0,80,,7504,94,,,0,40,,7492,94,,,0,80,,7493,94,,,0,80,,7494,94,,,0,40,,7490,94,,,0,80,,7489,94,,,0,80,,7508,94,,,0,40,,7497,94,,,0,80,,7495,94,,,0
5201,'9ecf710c-601d-465c-83ad-25c219925bad',706,,7514,94,,,0,41,,7516,94,,,0,80,,7520,94,,,0,80,,7510,94,,,0,40,,7518,94,,,0,80,,7526,94,,,0,80,,7512,94,,,0,40,,7509,94,,,0,80,,7523,94,,,0,80,,7522,94,,,0,40,,7513,94,,,0,80,,7519,94,,,0,80,,7521,94,,,0,40,,7517,94,,,0,80,,7515,94,,,0,80,,7525,94,,,0,40,,7511,94,,,0,80,,7524,94,,,0
