100,'1fe0d92c-9044-4814-8d20-55198bafd146',618,,6309,110,,,0,28,,6302,110,,,0,69,,6334,110,,,0,33,,6324,110,,,0,73,,6327,110,,,0,33,,6314,110,,,0,73,,6303,110,,,0,73,,6329,110,,,0,33,,6307,110,,,0,73,,6335,110,,,0,33,,6312,110,,,0,73,,6315,110,,,0,33,,6333,110,,,0,73,,6311,110,,,0,36,,6328,110,,,0,75,,6320,110,,,0,75,,6308,110,,,0,35,,6323,110,,,0,75,,6317,110,,,0,35,,6301,110,,,0,75,,6325,110,,,0,35,,6321,110,,,0,72,,6330,110,,,0,73,,6331,110,,,0,33,,6318,110,,,0,73,,6306,110,,,0,33,,6319,110,,,0,73,,6316,110,,,0,33,,6305,110,,,0,73,,6332,110,,,0,30,,6322,110,,,0,57,,6304,110,,,0,30,,6310,119,,,0,63,,6326,119,,,0
100,'9ecf710c-601d-465c-83ad-25c219925bad',712,,6349,110,,,0,36,,6345,110,,,0,73,,6348,110,,,0,33,,6340,110,,,0,73,,6363,110,,,0,73,,6358,110,,,0,33,,6341,110,,,0,73,,6336,110,,,0,33,,6351,110,,,0,73,,6362,110,,,0,33,,6368,110,,,0,73,,6355,110,,,0,36,,6357,110,,,0,75,,6367,110,,,0,75,,6347,110,,,0,35,,6354,110,,,0,75,,6353,110,,,0,35,,6344,110,,,0,76,,6346,110,,,0,34,,6350,110,,,0,72,,6352,110,,,0,73,,6356,110,,,0,33,,6366,110,,,0,73,,6343,110,,,0,33,,6361,110,,,0,73,,6342,110,,,0,33,,6364,110,,,0,73,,6360,110,,,0,30,,6339,110,,,0,57,,6337,110,,,0,30,,6365,119,,,0,63,,6359,119,,,0
100,'bcaf19fe-11ef-4115-afbb-ac9c5f562f28',821,,6383,110,,,0,33,,6384,110,,,0,73,,6369,110,,,0,73,,6382,110,,,0,33,,6388,110,,,0,73,,6371,110,,,0,33,,6387,110,,,0,73,,6377,110,,,0,33,,6380,110,,,0,73,,6386,110,,,0,33,,6381,110,,,0,73,,6385,110,,,0,33,,6373,110,,,0,73,,6370,110,,,0,73,,6376,110,,,0,33,,6391,110,,,0,73,,6378,110,,,0,33,,6389,110,,,0,73,,6375,110,,,0,33,,6379,119,,,0,65,,6390,119,,,0
100,'bf660328-88ad-42b5-9a19-68afdd8f4a47',821,,6399,110,,,0,33,,6401,110,,,0,73,,6406,110,,,0,73,,6393,110,,,0,33,,6396,110,,,0,73,,6410,110,,,0,33,,6395,110,,,0,73,,6405,110,,,0,33,,6411,110,,,0,73,,6403,110,,,0,33,,6404,110,,,0,73,,6392,110,,,0,33,,6397,110,,,0,73,,6398,110,,,0,73,,6412,110,,,0,33,,6409,110,,,0,73,,6402,110,,,0,33,,6400,110,,,0,73,,6407,110,,,0,33,,6408,119,,,0,65,,6394,119,,,0
100,'ed28f9c7-46cd-41bf-a6ca-237f78214646',821,,6430,110,,,0,33,,6419,110,,,0,73,,6414,110,,,0,73,,6433,110,,,0,33,,6425,110,,,0,73,,6418,110,,,0,33,,6423,110,,,0,73,,6421,110,,,0,33,,6429,110,,,0,73,,6416,110,,,0,33,,6415,110,,,0,73,,6422,110,,,0,33,,6426,110,,,0,73,,6417,110,,,0,73,,6432,110,,,0,33,,6413,110,,,0,73,,6434,110,,,0,33,,6427,110,,,0,73,,6435,110,,,0,33,,6420,119,,,0,65,,6431,119,,,0
200,'1fe0d92c-9044-4814-8d20-55198bafd146',623,,6577,102,,,0,35,,6578,102,,,0,73,,6576,102,,,0,73,,6593,102,,,0,33,,6597,102,,,0,73,,6592,102,,,0,33,,6580,102,,,0,73,,6601,102,,,0,33,,6598,102,,,0,73,,6589,102,,,0,33,,6591,102,,,0,73,,6595,102,,,0,73,,6583,102,,,0,36,,6581,102,,,0,75,,6602,102,,,0,35,,6599,102,,,0,75,,6571,102,,,0,35,,6586,102,,,0,75,,6582,102,,,0,75,,6604,102,,,0,35,,6588,102,,,0,72,,6579,102,,,0,33,,6573,102,,,0,73,,6574,102,,,0,33,,6587,102,,,0,73,,6572,102,,,0,33,,6575,102,,,0,73,,6590,102,,,0,73,,6596,102,,,0,28,,6603,102,,,0,26,,6585,102,,,0,70,,6600,102,,,0,20,,6584,102,,,0
200,'9ecf710c-601d-465c-83ad-25c219925bad',731,,6610,102,,,0,73,,6612,102,,,0,33,,6628,102,,,0,73,,6625,102,,,0,33,,6639,102,,,0,73,,6634,102,,,0,33,,6627,102,,,0,73,,6637,102,,,0,33,,6623,102,,,0,73,,6633,102,,,0,73,,6607,102,,,0,36,,6635,102,,,0,75,,6624,102,,,0,35,,6621,102,,,0,75,,6613,102,,,0,35,,6615,102,,,0,75,,6606,102,,,0,75,,6620,102,,,0,35,,6611,102,,,0,72,,6636,102,,,0,33,,6629,102,,,0,73,,6638,102,,,0,33,,6614,102,,,0,73,,6616,102,,,0,33,,6619,102,,,0,73,,6608,102,,,0,73,,6630,102,,,0,28,,6609,102,,,0,26,,6626,102,,,0,70,,6618,102,,,0,20,,6631,102,,,0
200,'bcaf19fe-11ef-4115-afbb-ac9c5f562f28',837,,6656,102,,,0,73,,6642,102,,,0,33,,6648,102,,,0,73,,6649,102,,,0,33,,6644,102,,,0,73,,6641,102,,,0,33,,6651,102,,,0,73,,6652,102,,,0,73,,6645,102,,,0,33,,6654,102,,,0,73,,6643,102,,,0,33,,6650,102,,,0,73,,6647,102,,,0,33,,6658,102,,,0,73,,6640,102,,,0,33,,6655,102,,,0,73,,6660,102,,,0,33,,6653,102,,,0,73,,6661,102,,,0,28,,6659,102,,,0
200,'bf660328-88ad-42b5-9a19-68afdd8f4a47',837,,6683,102,,,0,73,,6681,102,,,0,33,,6670,102,,,0,73,,6665,102,,,0,33,,6675,102,,,0,73,,6682,102,,,0,33,,6668,102,,,0,73,,6679,102,,,0,73,,6667,102,,,0,33,,6663,102,,,0,73,,6662,102,,,0,33,,6680,102,,,0,73,,6676,102,,,0,33,,6677,102,,,0,73,,6666,102,,,0,33,,6664,102,,,0,73,,6678,102,,,0,33,,6674,102,,,0,73,,6673,102,,,0,28,,6672,102,,,0
200,'ed28f9c7-46cd-41bf-a6ca-237f78214646',837,,6704,102,,,0,73,,6684,102,,,0,33,,6696,102,,,0,73,,6689,102,,,0,33,,6695,102,,,0,73,,6685,102,,,0,33,,6699,102,,,0,73,,6703,102,,,0,73,,6694,102,,,0,33,,6697,102,,,0,73,,6702,102,,,0,33,,6698,102,,,0,73,,6691,102,,,0,33,,6692,102,,,0,73,,6693,102,,,0,33,,6700,102,,,0,73,,6690,102,,,0,33,,6688,102,,,0,73,,6705,102,,,0,28,,6701,102,,,0
