100,'1fe0d92c-9044-4814-8d20-55198bafd146',633,,6309,166,,,0,68,,6302,166,,,0,29,,6334,166,,,0,73,,6324,166,,,0,33,,6327,166,,,0,73,,6314,166,,,0,33,,6303,166,,,0,73,,6329,166,,,0,33,,6307,166,,,0,73,,6335,166,,,0,33,,6312,166,,,0,73,,6315,166,,,0,73,,6333,166,,,0,33,,6311,166,,,0,77,,6328,166,,,0,35,,6320,166,,,0,75,,6308,166,,,0,35,,6323,166,,,0,75,,6313,166,,,0,75,,6301,166,,,0,35,,6325,166,,,0,75,,6321,166,,,0,31,,6330,166,,,0,73,,6331,166,,,0,33,,6318,166,,,0,73,,6306,166,,,0,33,,6319,166,,,0,73,,6316,166,,,0,73,,6305,166,,,0,33,,6332,166,,,0,70,,6322,166,,,0,14,,6304,166,,,0,30,,6310,175,,,0
100,'9ecf710c-601d-465c-83ad-25c219925bad',727,,6349,166,,,0,76,,6345,166,,,0,33,,6348,166,,,0,73,,6340,166,,,0,33,,6363,166,,,0,73,,6358,166,,,0,33,,6341,166,,,0,73,,6336,166,,,0,33,,6351,166,,,0,73,,6362,166,,,0,73,,6368,166,,,0,33,,6355,166,,,0,77,,6357,166,,,0,35,,6367,166,,,0,75,,6347,166,,,0,35,,6338,166,,,0,75,,6353,166,,,0,75,,6344,166,,,0,35,,6346,166,,,0,75,,6350,166,,,0,31,,6352,166,,,0,73,,6356,166,,,0,33,,6366,166,,,0,73,,6343,166,,,0,33,,6361,166,,,0,73,,6342,166,,,0,73,,6364,166,,,0,33,,6360,166,,,0,70,,6339,166,,,0,14,,6337,166,,,0,30,,6365,175,,,0
100,'bcaf19fe-11ef-4115-afbb-ac9c5f562f28',836,,6383,166,,,0,73,,6384,166,,,0,33,,6369,166,,,0,73,,6382,166,,,0,33,,6388,166,,,0,73,,6371,166,,,0,33,,6387,166,,,0,73,,6377,166,,,0,73,,6380,166,,,0,33,,6374,166,,,0,73,,6372,166,,,0,33,,6385,166,,,0,73,,6373,166,,,0,33,,6370,166,,,0,73,,6376,166,,,0,33,,6391,166,,,0,73,,6378,166,,,0,33,,6389,166,,,0,73,,6375,166,,,0,73,,6379,175,,,0
100,'bf660328-88ad-42b5-9a19-68afdd8f4a47',836,,6399,166,,,0,73,,6401,166,,,0,33,,6406,166,,,0,73,,6393,166,,,0,33,,6396,166,,,0,73,,6410,166,,,0,33,,6395,166,,,0,73,,6405,166,,,0,73,,6411,166,,,0,33,,6403,166,,,0,73,,6404,166,,,0,33,,6392,166,,,0,73,,6397,166,,,0,33,,6398,166,,,0,73,,6412,166,,,0,33,,6409,166,,,0,73,,6402,166,,,0,33,,6400,166,,,0,73,,6407,166,,,0,73,,6408,175,,,0
100,'ed28f9c7-46cd-41bf-a6ca-237f78214646',836,,6430,166,,,0,73,,6419,166,,,0,33,,6414,166,,,0,73,,6433,166,,,0,33,,6425,166,,,0,73,,6418,166,,,0,33,,6423,166,,,0,73,,6421,166,,,0,73,,6429,166,,,0,33,,6428,166,,,0,73,,6424,166,,,0,33,,6422,166,,,0,73,,6426,166,,,0,33,,6417,166,,,0,73,,6432,166,,,0,33,,6413,166,,,0,73,,6434,166,,,0,33,,6427,166,,,0,73,,6435,166,,,0,73,,6420,175,,,0
301,'1fe0d92c-9044-4814-8d20-55198bafd146',631,,6988,60,,,0,72,,6998,60,,,0,33,,6994,60,,,0,73,,6999,60,,,0,33,,6975,60,,,0,73,,6985,60,,,0,33,,6971,60,,,0,73,,6989,60,,,0,33,,6978,60,,,0,73,,6993,60,,,0,73,,6981,60,,,0,33,,6973,60,,,0,75,,6979,60,,,0,35,,6987,60,,,0,75,,6983,60,,,0,35,,6995,60,,,0,75,,6982,60,,,0,75,,6974,60,,,0,35,,6992,60,,,0,75,,6984,60,,,0,35,,6997,60,,,0,73,,7000,60,,,0,34,,6980,60,,,0,73,,7002,60,,,0,73,,6976,60,,,0,33,,6972,60,,,0,73,,6970,60,,,0,33,,6990,60,,,0,73,,6986,60,,,0,31,,6996,60,,,0,60,,6991,60,,,0,30,,6977,60,,,0,25,,7001,60,,,0
301,'9ecf710c-601d-465c-83ad-25c219925bad',736,,7024,60,,,0,73,,7032,60,,,0,33,,7022,60,,,0,73,,7004,60,,,0,33,,7020,60,,,0,73,,7021,60,,,0,33,,7030,60,,,0,73,,7014,60,,,0,73,,7003,60,,,0,33,,7033,60,,,0,75,,7031,60,,,0,35,,7019,60,,,0,75,,7015,60,,,0,35,,7009,60,,,0,75,,7006,60,,,0,75,,7026,60,,,0,35,,7025,60,,,0,75,,7013,60,,,0,35,,7005,60,,,0,73,,7012,60,,,0,34,,7016,60,,,0,73,,7029,60,,,0,73,,7008,60,,,0,33,,7011,60,,,0,73,,7007,60,,,0,33,,7028,60,,,0,73,,7010,60,,,0,31,,7027,60,,,0,60,,7018,60,,,0,30,,7017,60,,,0,25,,7023,60,,,0
301,'bcaf19fe-11ef-4115-afbb-ac9c5f562f28',809,,7046,60,,,0,33,,7049,60,,,0,73,,7059,60,,,0,33,,7041,60,,,0,73,,7055,60,,,0,33,,7034,60,,,0,73,,7048,60,,,0,73,,7052,60,,,0,33,,7038,60,,,0,73,,7037,60,,,0,33,,7035,60,,,0,73,,7047,60,,,0,33,,7053,60,,,0,73,,7044,60,,,0,33,,7051,60,,,0,73,,7045,60,,,0,33,,7056,60,,,0,73,,7061,60,,,0,73,,7054,60,,,0,33,,7060,60,,,0,65,,7058,60,,,0,33,,7043,60,,,0,73,,7039,60,,,0,33,,7050,60,,,0,73,,7040,60,,,0,33,,7057,60,,,0
301,'bf660328-88ad-42b5-9a19-68afdd8f4a47',809,,7062,60,,,0,33,,7069,60,,,0,73,,7082,60,,,0,33,,7066,60,,,0,73,,7067,60,,,0,33,,7068,60,,,0,73,,7078,60,,,0,73,,7080,60,,,0,33,,7079,60,,,0,73,,7073,60,,,0,33,,7076,60,,,0,73,,7071,60,,,0,33,,7063,60,,,0,73,,7074,60,,,0,33,,7064,60,,,0,73,,7070,60,,,0,33,,7075,60,,,0,73,,7077,60,,,0,73,,7072,60,,,0,33,,7081,60,,,0,65,,7065,60,,,0
301,'ed28f9c7-46cd-41bf-a6ca-237f78214646',809,,7098,60,,,0,33,,7092,60,,,0,73,,7093,60,,,0,33,,7087,60,,,0,73,,7102,60,,,0,33,,7101,60,,,0,73,,7085,60,,,0,73,,7100,60,,,0,33,,7086,60,,,0,73,,7094,60,,,0,33,,7083,60,,,0,73,,7103,60,,,0,33,,7099,60,,,0,73,,7090,60,,,0,33,,7095,60,,,0,73,,7089,60,,,0,33,,7097,60,,,0,73,,7088,60,,,0,73,,7096,60,,,0,33,,7091,60,,,0,65,,7084,60,,,0
3006001,'1fe0d92c-9044-4814-8d20-55198bafd146',1935,,7867,94,,,0,85,,7864,94,,,0,85,,7868,94,,,0,45,,7865,94,,,0,85,,7869,94,,,0,85,,7866,94,,,0
3006001,'9ecf710c-601d-465c-83ad-25c219925bad',735,,7883,94,,,0,85,,7871,94,,,0,85,,7890,94,,,0,45,,7885,94,,,0,85,,7887,94,,,0,85,,7879,94,,,0,85,,7882,94,,,0,45,,7886,94,,,0,85,,7875,94,,,0,85,,7881,94,,,0,85,,7876,94,,,0,45,,7880,94,,,0,85,,7874,94,,,0,85,,7891,94,,,0,85,,7877,94,,,0,45,,7888,94,,,0,85,,7872,94,,,0,85,,7873,94,,,0,85,,7889,94,,,0,45,,7884,94,,,0,85,,7870,94,,,0,85,,7878,94,,,0
3006001,'bcaf19fe-11ef-4115-afbb-ac9c5f562f28',835,,7896,94,,,0,85,,7903,94,,,0,85,,7900,94,,,0,45,,7905,94,,,0,85,,7894,94,,,0,85,,7902,94,,,0,85,,7893,94,,,0,45,,7897,94,,,0,85,,7892,94,,,0,85,,7895,94,,,0,85,,7901,94,,,0,45,,7899,94,,,0,85,,7898,94,,,0,85,,7904,94,,,0
3006001,'bf660328-88ad-42b5-9a19-68afdd8f4a47',835,,7917,94,,,0,85,,7916,94,,,0,85,,7911,94,,,0,45,,7906,94,,,0,85,,7909,94,,,0,85,,7913,94,,,0,85,,7908,94,,,0,45,,7915,94,,,0,85,,7919,94,,,0,85,,7907,94,,,0,85,,7910,94,,,0,45,,7912,94,,,0,85,,7918,94,,,0,85,,7914,94,,,0
3006001,'ed28f9c7-46cd-41bf-a6ca-237f78214646',835,,7925,94,,,0,85,,7933,94,,,0,85,,7923,94,,,0,45,,7921,94,,,0,85,,7929,94,,,0,85,,7926,94,,,0,85,,7927,94,,,0,45,,7931,94,,,0,85,,7930,94,,,0,85,,7928,94,,,0,85,,7922,94,,,0,45,,7920,94,,,0,85,,7924,94,,,0,85,,7932,94,,,0
