200,'312abbf0-fdea-4eb9-96c5-7a94145aceb2',718,,4967,187,,,0,33,,4945,187,,,0,73,,4943,187,,,0,33,,4950,187,,,0,73,,4953,187,,,0,73,,4939,187,,,0,33,,4963,187,,,0,73,,4966,187,,,0,33,,4956,187,,,0,73,,4949,187,,,0,33,,4969,187,,,0,73,,4940,187,,,0,38,,4959,187,,,0,75,,4955,187,,,0,75,,4942,187,,,0,35,,4941,187,,,0,75,,4951,187,,,0,35,,4965,187,,,0,75,,4968,187,,,0,75,,4957,187,,,0,30,,4961,187,,,0,73,,4971,187,,,0,33,,4958,187,,,0,73,,4948,187,,,0,33,,4946,187,,,0,73,,4962,187,,,0,33,,4954,187,,,0,73,,4970,187,,,0,28,,4947,187,,,0,66,,4944,187,,,0,30,,4960,187,,,0
200,'66e3ca25-c949-45bf-aa5b-2bde8ae66f69',824,,4981,187,,,0,33,,4988,187,,,0,73,,4976,187,,,0,73,,4980,187,,,0,33,,4985,187,,,0,73,,4974,187,,,0,33,,4972,187,,,0,73,,4989,187,,,0,33,,4991,187,,,0,73,,4984,187,,,0,33,,4987,187,,,0,73,,4990,187,,,0,73,,4977,187,,,0,33,,4975,187,,,0,73,,4978,187,,,0,33,,4993,187,,,0,73,,4983,187,,,0,33,,4982,187,,,0,73,,4986,187,,,0,33,,4992,187,,,0
200,'9ba31bfb-7050-4158-afae-0ffd0d63aa0c',824,,4996,187,,,0,33,,5012,187,,,0,73,,4997,187,,,0,73,,5000,187,,,0,33,,5009,187,,,0,73,,4998,187,,,0,33,,5008,187,,,0,73,,5011,187,,,0,33,,5010,187,,,0,73,,5015,187,,,0,33,,5013,187,,,0,73,,5001,187,,,0,73,,5004,187,,,0,33,,5014,187,,,0,73,,5007,187,,,0,33,,4995,187,,,0,73,,5006,187,,,0,33,,5002,187,,,0,73,,4999,187,,,0,33,,5005,187,,,0
200,'a6a1e58d-53c4-44f8-9966-8649a3a2e257',619,,5032,187,,,0,24,,5028,187,,,0,75,,5048,187,,,0,33,,5035,187,,,0,73,,5027,187,,,0,33,,5025,187,,,0,73,,5033,187,,,0,73,,5034,187,,,0,33,,5040,187,,,0,73,,5041,187,,,0,33,,5037,187,,,0,73,,5020,187,,,0,33,,5044,187,,,0,73,,5042,187,,,0,38,,5026,187,,,0,75,,5038,187,,,0,75,,5024,187,,,0,35,,5050,187,,,0,75,,5017,187,,,0,35,,5043,187,,,0,75,,5031,187,,,0,75,,5036,187,,,0,30,,5045,187,,,0,73,,5016,187,,,0,33,,5018,187,,,0,73,,5023,187,,,0,33,,5021,187,,,0,73,,5029,187,,,0,33,,5030,187,,,0,73,,5049,187,,,0,28,,5022,187,,,0,66,,5046,187,,,0,30,,5019,187,,,0
200,'cdcafeae-7da3-4ec3-beeb-64e1ab4dbc4b',824,,5052,187,,,0,33,,5061,187,,,0,73,,5070,187,,,0,73,,5054,187,,,0,33,,5058,187,,,0,73,,5069,187,,,0,33,,5051,187,,,0,73,,5060,187,,,0,33,,5071,187,,,0,73,,5056,187,,,0,33,,5072,187,,,0,73,,5057,187,,,0,73,,5064,187,,,0,33,,5066,187,,,0,73,,5059,187,,,0,33,,5063,187,,,0,73,,5067,187,,,0,33,,5055,187,,,0,73,,5062,187,,,0,33,,5068,187,,,0
300,'312abbf0-fdea-4eb9-96c5-7a94145aceb2',736,,5217,78,,,0,73,,5229,78,,,0,33,,5227,78,,,0,73,,5215,78,,,0,33,,5209,78,,,0,73,,5216,78,,,0,33,,5222,78,,,0,73,,5230,78,,,0,73,,5220,78,,,0,33,,5212,78,,,0,73,,5208,78,,,0,38,,5226,78,,,0,75,,5204,78,,,0,35,,5223,78,,,0,75,,5224,78,,,0,75,,5231,78,,,0,35,,5210,78,,,0,75,,5232,78,,,0,35,,5211,78,,,0,73,,5205,78,,,0,32,,5207,78,,,0,74,,5219,78,,,0,73,,5233,78,,,0,33,,5221,78,,,0,73,,5234,78,,,0,33,,5206,78,,,0,73,,5213,78,,,0,28,,5218,78,,,0,65,,5214,78,,,0,20,,5225,78,,,0,30,,5228,78,,,0
300,'66e3ca25-c949-45bf-aa5b-2bde8ae66f69',809,,5238,78,,,0,33,,5254,78,,,0,73,,5240,78,,,0,33,,5239,78,,,0,73,,5245,78,,,0,33,,5253,78,,,0,73,,5248,78,,,0,73,,5246,78,,,0,33,,5236,78,,,0,73,,5243,78,,,0,33,,5249,78,,,0,73,,5247,78,,,0,33,,5242,78,,,0,73,,5237,78,,,0,33,,5241,78,,,0,73,,5250,78,,,0,33,,5244,78,,,0,73,,5252,78,,,0,73,,5255,78,,,0,33,,5251,78,,,0,68,,5235,78,,,0
300,'9ba31bfb-7050-4158-afae-0ffd0d63aa0c',809,,5264,78,,,0,33,,5268,78,,,0,73,,5270,78,,,0,33,,5256,78,,,0,73,,5263,78,,,0,33,,5275,78,,,0,73,,5260,78,,,0,73,,5276,78,,,0,33,,5261,78,,,0,73,,5259,78,,,0,33,,5258,78,,,0,73,,5269,78,,,0,33,,5265,78,,,0,73,,5267,78,,,0,33,,5262,78,,,0,73,,5266,78,,,0,33,,5274,78,,,0,73,,5273,78,,,0,73,,5271,78,,,0,33,,5257,78,,,0,68,,5272,78,,,0
300,'a6a1e58d-53c4-44f8-9966-8649a3a2e257',630,,5284,78,,,0,74,,5299,78,,,0,32,,5305,78,,,0,73,,5293,78,,,0,33,,5295,78,,,0,73,,5298,78,,,0,33,,5290,78,,,0,73,,5286,78,,,0,33,,5300,78,,,0,73,,5303,78,,,0,73,,5288,78,,,0,33,,5283,78,,,0,73,,5307,78,,,0,38,,5304,78,,,0,75,,5294,78,,,0,35,,5296,78,,,0,75,,5291,78,,,0,75,,5301,78,,,0,35,,5287,78,,,0,75,,5285,78,,,0,35,,5277,78,,,0,73,,5308,78,,,0,32,,5302,78,,,0,74,,5297,78,,,0,73,,5279,78,,,0,33,,5282,78,,,0,73,,5292,78,,,0,33,,5278,78,,,0,73,,5306,78,,,0,28,,5280,78,,,0,65,,5289,78,,,0,20,,5281,78,,,0,30,,5309,78,,,0
300,'cdcafeae-7da3-4ec3-beeb-64e1ab4dbc4b',809,,5310,78,,,0,33,,5330,78,,,0,73,,5323,78,,,0,33,,5320,78,,,0,73,,5314,78,,,0,33,,5317,78,,,0,73,,5325,78,,,0,73,,5326,78,,,0,33,,5332,78,,,0,73,,5316,78,,,0,33,,5335,78,,,0,73,,5331,78,,,0,33,,5336,78,,,0,73,,5327,78,,,0,33,,5324,78,,,0,73,,5321,78,,,0,33,,5329,78,,,0,73,,5312,78,,,0,73,,5311,78,,,0,33,,5315,78,,,0,68,,5322,78,,,0,30,,5313,78,,,0,73,,5319,78,,,0,33,,5328,78,,,0,73,,5318,78,,,0,33,,5334,78,,,0,73,,5333,78,,,0
400,'312abbf0-fdea-4eb9-96c5-7a94145aceb2',737,,5486,148,,,0,72,,5496,148,,,0,35,,5495,148,,,0,71,,5492,148,,,0,33,,5478,148,,,0,73,,5479,148,,,0,33,,5500,148,,,0,73,,5475,148,,,0,73,,5474,148,,,0,33,,5471,148,,,0,73,,5493,148,,,0,33,,5481,148,,,0,73,,5485,148,,,0,37,,5488,148,,,0,78,,5476,148,,,0,76,,5487,148,,,0,36,,5498,148,,,0,75,,5484,148,,,0,35,,5490,148,,,0,71,,5501,148,,,0,34,,5497,148,,,0,75,,5499,148,,,0,72,,5472,148,,,0,32,,5483,148,,,0,74,,5491,148,,,0,33,,5489,148,,,0,73,,5494,148,,,0,24,,5473,148,,,0,70,,5477,148,,,0,25,,5502,148,,,0,27,,5480,147,,,0
400,'66e3ca25-c949-45bf-aa5b-2bde8ae66f69',844,,5520,148,,,0,71,,5504,148,,,0,33,,5514,148,,,0,73,,5507,148,,,0,33,,5511,148,,,0,73,,5513,148,,,0,73,,5522,148,,,0,33,,5518,148,,,0,73,,5506,148,,,0,33,,5503,148,,,0,73,,5519,148,,,0,33,,5516,148,,,0,73,,5508,148,,,0,33,,5515,148,,,0,73,,5505,148,,,0,33,,5521,148,,,0,73,,5517,148,,,0,73,,5510,148,,,0,33,,5509,148,,,0,73,,5512,147,,,0
400,'9ba31bfb-7050-4158-afae-0ffd0d63aa0c',844,,5536,148,,,0,71,,5527,148,,,0,33,,5531,148,,,0,73,,5535,148,,,0,33,,5529,148,,,0,73,,5539,148,,,0,73,,5541,148,,,0,33,,5537,148,,,0,73,,5543,148,,,0,33,,5533,148,,,0,73,,5538,148,,,0,33,,5526,148,,,0,73,,5534,148,,,0,33,,5524,148,,,0,73,,5528,148,,,0,33,,5542,148,,,0,73,,5540,148,,,0,73,,5523,148,,,0,33,,5532,148,,,0,73,,5530,147,,,0
400,'a6a1e58d-53c4-44f8-9966-8649a3a2e257',639,,5572,148,,,0,65,,5561,148,,,0,33,,5566,148,,,0,72,,5553,148,,,0,34,,5573,148,,,0,72,,5578,148,,,0,33,,5570,148,,,0,73,,5544,148,,,0,33,,5554,148,,,0,73,,5571,148,,,0,73,,5547,148,,,0,33,,5558,148,,,0,73,,5560,148,,,0,33,,5559,148,,,0,73,,5550,148,,,0,37,,5562,148,,,0,78,,5556,148,,,0,76,,5557,148,,,0,36,,5549,148,,,0,75,,5567,148,,,0,35,,5564,148,,,0,71,,5569,148,,,0,34,,5552,148,,,0,75,,5555,148,,,0,72,,5574,148,,,0,32,,5565,148,,,0,74,,5563,148,,,0,33,,5577,148,,,0,73,,5548,148,,,0,24,,5576,148,,,0,70,,5568,148,,,0,25,,5546,148,,,0,27,,5551,147,,,0
400,'cdcafeae-7da3-4ec3-beeb-64e1ab4dbc4b',844,,5579,148,,,0,71,,5602,148,,,0,33,,5601,148,,,0,73,,5585,148,,,0,33,,5589,148,,,0,73,,5605,148,,,0,73,,5581,148,,,0,33,,5604,148,,,0,73,,5597,148,,,0,33,,5592,148,,,0,73,,5594,148,,,0,33,,5603,148,,,0,73,,5600,148,,,0,33,,5590,148,,,0,73,,5595,148,,,0,33,,5598,148,,,0,73,,5587,148,,,0,73,,5583,148,,,0,33,,5582,148,,,0,73,,5606,148,,,0,33,,5591,148,,,0,73,,5596,148,,,0,28,,5584,148,,,0,70,,5586,148,,,0,33,,5599,148,,,0,73,,5607,148,,,0
