200,'1fe0d92c-9044-4814-8d20-55198bafd146',608,,6605,133,,,0,24,,6577,133,,,0,75,,6578,133,,,0,33,,6576,133,,,0,73,,6593,133,,,0,33,,6597,133,,,0,73,,6592,133,,,0,33,,6580,133,,,0,73,,6601,133,,,0,33,,6598,133,,,0,73,,6589,133,,,0,73,,6591,133,,,0,33,,6595,133,,,0,73,,6583,133,,,0,37,,6594,133,,,0,75,,6602,133,,,0,35,,6599,133,,,0,75,,6571,133,,,0,75,,6586,133,,,0,35,,6582,133,,,0,75,,6604,133,,,0,35,,6588,133,,,0,71,,6579,133,,,0,33,,6573,133,,,0,73,,6574,133,,,0,73,,6587,133,,,0,33,,6572,133,,,0,73,,6575,133,,,0,33,,6590,133,,,0,73,,6596,133,,,0,28,,6603,133,,,0,66,,6585,133,,,0,30,,6600,133,,,0
200,'9ecf710c-601d-465c-83ad-25c219925bad',707,,6632,133,,,0,33,,6610,133,,,0,73,,6612,133,,,0,33,,6628,133,,,0,73,,6625,133,,,0,33,,6639,133,,,0,73,,6634,133,,,0,33,,6627,133,,,0,73,,6637,133,,,0,73,,6623,133,,,0,33,,6633,133,,,0,73,,6607,133,,,0,37,,6635,133,,,0,75,,6624,133,,,0,35,,6621,133,,,0,75,,6622,133,,,0,75,,6617,133,,,0,35,,6606,133,,,0,75,,6620,133,,,0,35,,6611,133,,,0,71,,6636,133,,,0,33,,6629,133,,,0,73,,6638,133,,,0,73,,6614,133,,,0,33,,6616,133,,,0,73,,6619,133,,,0,33,,6608,133,,,0,73,,6630,133,,,0,28,,6609,133,,,0,66,,6626,133,,,0,30,,6618,133,,,0
200,'bcaf19fe-11ef-4115-afbb-ac9c5f562f28',813,,6646,133,,,0,33,,6656,133,,,0,73,,6642,133,,,0,33,,6648,133,,,0,73,,6649,133,,,0,33,,6644,133,,,0,73,,6641,133,,,0,73,,6651,133,,,0,33,,6652,133,,,0,73,,6645,133,,,0,33,,6657,133,,,0,73,,6643,133,,,0,33,,6650,133,,,0,73,,6647,133,,,0,33,,6658,133,,,0,73,,6640,133,,,0,73,,6655,133,,,0,33,,6660,133,,,0,73,,6653,133,,,0,33,,6661,133,,,0
200,'bf660328-88ad-42b5-9a19-68afdd8f4a47',813,,6671,133,,,0,33,,6683,133,,,0,73,,6681,133,,,0,33,,6670,133,,,0,73,,6665,133,,,0,33,,6675,133,,,0,73,,6682,133,,,0,73,,6668,133,,,0,33,,6679,133,,,0,73,,6667,133,,,0,33,,6669,133,,,0,73,,6662,133,,,0,33,,6680,133,,,0,73,,6676,133,,,0,33,,6677,133,,,0,73,,6666,133,,,0,73,,6664,133,,,0,33,,6678,133,,,0,73,,6674,133,,,0,33,,6673,133,,,0
200,'ed28f9c7-46cd-41bf-a6ca-237f78214646',813,,6687,133,,,0,33,,6704,133,,,0,73,,6684,133,,,0,33,,6696,133,,,0,73,,6689,133,,,0,33,,6695,133,,,0,73,,6685,133,,,0,73,,6699,133,,,0,33,,6703,133,,,0,73,,6694,133,,,0,33,,6686,133,,,0,73,,6702,133,,,0,33,,6698,133,,,0,73,,6691,133,,,0,33,,6692,133,,,0,73,,6693,133,,,0,73,,6700,133,,,0,33,,6690,133,,,0,73,,6688,133,,,0,33,,6705,133,,,0
301,'1fe0d92c-9044-4814-8d20-55198bafd146',618,,6988,17,,,0,32,,6998,17,,,0,73,,6994,17,,,0,33,,6999,17,,,0,73,,6975,17,,,0,73,,6985,17,,,0,33,,6971,17,,,0,73,,6989,17,,,0,33,,6978,17,,,0,73,,6993,17,,,0,33,,6981,17,,,0,73,,6973,17,,,0,35,,6979,17,,,0,75,,6987,17,,,0,75,,6983,17,,,0,35,,6995,17,,,0,75,,6982,17,,,0,35,,6974,17,,,0,75,,6992,17,,,0,75,,6984,17,,,0,35,,6997,17,,,0,73,,7000,17,,,0,34,,6980,17,,,0,73,,7002,17,,,0,33,,6976,17,,,0,73,,6972,17,,,0,33,,6970,17,,,0,73,,6990,17,,,0,73,,6986,17,,,0,33,,6996,17,,,0,20,,6991,17,,,0,70,,6977,17,,,0,25,,7001,17,,,0
301,'9ecf710c-601d-465c-83ad-25c219925bad',723,,7024,17,,,0,33,,7032,17,,,0,73,,7022,17,,,0,73,,7004,17,,,0,33,,7020,17,,,0,73,,7021,17,,,0,33,,7030,17,,,0,73,,7014,17,,,0,33,,7003,17,,,0,73,,7033,17,,,0,35,,7031,17,,,0,75,,7019,17,,,0,75,,7015,17,,,0,35,,7009,17,,,0,75,,7006,17,,,0,35,,7026,17,,,0,75,,7025,17,,,0,75,,7013,17,,,0,35,,7005,17,,,0,73,,7012,17,,,0,34,,7016,17,,,0,73,,7029,17,,,0,33,,7008,17,,,0,73,,7011,17,,,0,33,,7007,17,,,0,73,,7028,17,,,0,73,,7010,17,,,0,33,,7027,17,,,0,20,,7018,17,,,0,70,,7017,17,,,0,25,,7023,17,,,0
301,'bcaf19fe-11ef-4115-afbb-ac9c5f562f28',756,,7046,17,,,0,73,,7049,17,,,0,73,,7059,17,,,0,33,,7041,17,,,0,73,,7055,17,,,0,33,,7034,17,,,0,73,,7048,17,,,0,33,,7052,17,,,0,73,,7038,17,,,0,33,,7037,17,,,0,73,,7035,17,,,0,33,,7047,17,,,0,73,,7053,17,,,0,73,,7044,17,,,0,33,,7051,17,,,0,73,,7045,17,,,0,33,,7056,17,,,0,73,,7061,17,,,0,33,,7054,17,,,0,73,,7060,17,,,0,25,,7058,17,,,0,73,,7043,17,,,0,33,,7039,17,,,0,73,,7050,17,,,0,73,,7040,17,,,0,33,,7057,17,,,0,73,,7036,17,,,0,33,,7042,17,,,0
301,'bf660328-88ad-42b5-9a19-68afdd8f4a47',756,,7062,17,,,0,73,,7069,17,,,0,73,,7082,17,,,0,33,,7066,17,,,0,73,,7067,17,,,0,33,,7068,17,,,0,73,,7078,17,,,0,33,,7080,17,,,0,73,,7079,17,,,0,33,,7073,17,,,0,73,,7076,17,,,0,33,,7071,17,,,0,73,,7063,17,,,0,73,,7074,17,,,0,33,,7064,17,,,0,73,,7070,17,,,0,33,,7075,17,,,0,73,,7077,17,,,0,33,,7072,17,,,0,73,,7081,17,,,0,25,,7065,17,,,0
301,'ed28f9c7-46cd-41bf-a6ca-237f78214646',756,,7098,17,,,0,73,,7092,17,,,0,73,,7093,17,,,0,33,,7087,17,,,0,73,,7102,17,,,0,33,,7101,17,,,0,73,,7085,17,,,0,33,,7100,17,,,0,73,,7086,17,,,0,33,,7094,17,,,0,73,,7083,17,,,0,33,,7103,17,,,0,73,,7099,17,,,0,73,,7090,17,,,0,33,,7095,17,,,0,73,,7089,17,,,0,33,,7097,17,,,0,73,,7088,17,,,0,33,,7096,17,,,0,73,,7091,17,,,0,25,,7084,17,,,0
6200,'1fe0d92c-9044-4814-8d20-55198bafd146',715,,7624,27,,,0,35,,7631,27,,,0,80,,7641,27,,,0,80,,7634,27,,,0,40,,7622,27,,,0,80,,7643,27,,,0,80,,7623,27,,,0,40,,7628,27,,,0,80,,7621,27,,,0,80,,7640,27,,,0,40,,7632,27,,,0,80,,7626,27,,,0,80,,7627,27,,,0,40,,7642,27,,,0,80,,7630,27,,,0,80,,7625,27,,,0,40,,7638,27,,,0,80,,7644,27,,,0,80,,7639,27,,,0,40,,7635,27,,,0,80,,7633,27,,,0,80,,7636,27,,,0,35,,7637,27,,,0,75,,7629,27,,,0
