100,'312abbf0-fdea-4eb9-96c5-7a94145aceb2',724,,4687,154,,,0,76,,4688,154,,,0,33,,4674,154,,,0,73,,4683,154,,,0,33,,4679,154,,,0,73,,4671,154,,,0,33,,4680,154,,,0,73,,4676,154,,,0,33,,4675,154,,,0,73,,4669,154,,,0,33,,4673,154,,,0,73,,4693,154,,,0,77,,4697,154,,,0,35,,4690,154,,,0,75,,4694,154,,,0,35,,4692,154,,,0,75,,4689,154,,,0,75,,4686,154,,,0,35,,4684,154,,,0,75,,4691,154,,,0,31,,4685,154,,,0,73,,4700,154,,,0,33,,4677,154,,,0,73,,4678,154,,,0,33,,4695,154,,,0,73,,4696,154,,,0,73,,4698,154,,,0,33,,4672,154,,,0,70,,4699,154,,,0,15,,4668,154,,,0,30,,4670,163,,,0
100,'66e3ca25-c949-45bf-aa5b-2bde8ae66f69',833,,4721,154,,,0,73,,4711,154,,,0,33,,4712,154,,,0,73,,4702,154,,,0,33,,4719,154,,,0,73,,4701,154,,,0,33,,4705,154,,,0,73,,4714,154,,,0,33,,4715,154,,,0,73,,4716,154,,,0,73,,4720,154,,,0,33,,4709,154,,,0,73,,4708,154,,,0,33,,4710,154,,,0,73,,4706,154,,,0,33,,4717,154,,,0,73,,4707,154,,,0,33,,4718,154,,,0,73,,4704,154,,,0,73,,4713,163,,,0
100,'9ba31bfb-7050-4158-afae-0ffd0d63aa0c',833,,4732,154,,,0,73,,4733,154,,,0,33,,4725,154,,,0,73,,4744,154,,,0,33,,4724,154,,,0,73,,4736,154,,,0,33,,4726,154,,,0,73,,4727,154,,,0,33,,4734,154,,,0,73,,4740,154,,,0,73,,4739,154,,,0,33,,4723,154,,,0,73,,4743,154,,,0,33,,4729,154,,,0,73,,4742,154,,,0,33,,4737,154,,,0,73,,4722,154,,,0,33,,4735,154,,,0,73,,4741,154,,,0,73,,4730,163,,,0
100,'a6a1e58d-53c4-44f8-9966-8649a3a2e257',630,,4746,154,,,0,28,,4777,154,,,0,69,,4750,154,,,0,73,,4776,154,,,0,33,,4759,154,,,0,73,,4764,154,,,0,33,,4778,154,,,0,73,,4754,154,,,0,33,,4747,154,,,0,73,,4757,154,,,0,33,,4758,154,,,0,73,,4768,154,,,0,33,,4761,154,,,0,73,,4766,154,,,0,77,,4762,154,,,0,35,,4749,154,,,0,75,,4767,154,,,0,35,,4772,154,,,0,75,,4775,154,,,0,75,,4774,154,,,0,35,,4752,154,,,0,75,,4769,154,,,0,31,,4748,154,,,0,73,,4770,154,,,0,33,,4745,154,,,0,73,,4760,154,,,0,33,,4773,154,,,0,73,,4751,154,,,0,73,,4753,154,,,0,33,,4763,154,,,0,70,,4779,154,,,0,15,,4755,154,,,0,30,,4765,163,,,0
100,'cdcafeae-7da3-4ec3-beeb-64e1ab4dbc4b',833,,4799,154,,,0,73,,4791,154,,,0,33,,4788,154,,,0,73,,4797,154,,,0,33,,4802,154,,,0,73,,4790,154,,,0,33,,4801,154,,,0,73,,4784,154,,,0,33,,4795,154,,,0,73,,4796,154,,,0,73,,4786,154,,,0,33,,4798,154,,,0,73,,4780,154,,,0,33,,4782,154,,,0,73,,4792,154,,,0,33,,4781,154,,,0,73,,4783,154,,,0,33,,4794,154,,,0,73,,4793,154,,,0,73,,4785,163,,,0
101,'312abbf0-fdea-4eb9-96c5-7a94145aceb2',719,,4823,18,,,0,33,,4825,18,,,0,73,,4818,18,,,0,33,,4805,18,,,0,73,,4835,18,,,0,73,,4814,18,,,0,33,,4827,18,,,0,73,,4809,18,,,0,33,,4811,18,,,0,73,,4834,18,,,0,33,,4816,18,,,0,73,,4829,18,,,0,33,,4836,18,,,0,79,,4832,18,,,0,75,,4812,18,,,0,35,,4803,18,,,0,75,,4826,18,,,0,35,,4824,18,,,0,75,,4819,18,,,0,73,,4806,18,,,0,33,,4828,18,,,0,73,,4808,18,,,0,33,,4821,18,,,0,73,,4810,18,,,0,33,,4822,18,,,0,73,,4807,18,,,0,30,,4831,18,,,0,69,,4817,18,,,0,30,,4820,18,,,0,70,,4833,18,,,0,10,,4830,18,,,0
101,'66e3ca25-c949-45bf-aa5b-2bde8ae66f69',752,,4856,18,,,0,73,,4843,18,,,0,33,,4844,18,,,0,73,,4842,18,,,0,73,,4837,18,,,0,33,,4854,18,,,0,73,,4852,18,,,0,33,,4841,18,,,0,73,,4839,18,,,0,33,,4847,18,,,0,73,,4845,18,,,0,33,,4853,18,,,0,73,,4838,18,,,0,73,,4849,18,,,0,33,,4840,18,,,0,73,,4851,18,,,0,33,,4848,18,,,0,73,,4857,18,,,0,33,,4850,18,,,0,73,,4855,18,,,0,33,,4846,18,,,0
101,'9ba31bfb-7050-4158-afae-0ffd0d63aa0c',752,,4872,18,,,0,73,,4880,18,,,0,33,,4859,18,,,0,73,,4877,18,,,0,73,,4869,18,,,0,33,,4866,18,,,0,73,,4870,18,,,0,33,,4861,18,,,0,73,,4876,18,,,0,33,,4863,18,,,0,73,,4862,18,,,0,33,,4867,18,,,0,73,,4868,18,,,0,73,,4860,18,,,0,33,,4864,18,,,0,73,,4875,18,,,0,33,,4871,18,,,0,73,,4865,18,,,0,33,,4873,18,,,0,73,,4874,18,,,0,33,,4878,18,,,0
101,'a6a1e58d-53c4-44f8-9966-8649a3a2e257',610,,4882,18,,,0,36,,4892,18,,,0,73,,4885,18,,,0,33,,4896,18,,,0,73,,4907,18,,,0,33,,4898,18,,,0,73,,4909,18,,,0,73,,4897,18,,,0,33,,4911,18,,,0,73,,4906,18,,,0,33,,4894,18,,,0,73,,4886,18,,,0,33,,4881,18,,,0,75,,4903,18,,,0,35,,4884,18,,,0,75,,4895,18,,,0,75,,4908,18,,,0,35,,4914,18,,,0,75,,4902,18,,,0,35,,4901,18,,,0,75,,4893,18,,,0,73,,4915,18,,,0,33,,4899,18,,,0,73,,4910,18,,,0,33,,4891,18,,,0,73,,4888,18,,,0,33,,4904,18,,,0,73,,4913,18,,,0,30,,4883,18,,,0,69,,4890,18,,,0,30,,4900,18,,,0,70,,4905,18,,,0,10,,4889,18,,,0
101,'cdcafeae-7da3-4ec3-beeb-64e1ab4dbc4b',752,,4934,18,,,0,73,,4929,18,,,0,33,,4916,18,,,0,73,,4920,18,,,0,73,,4925,18,,,0,33,,4933,18,,,0,73,,4937,18,,,0,33,,4917,18,,,0,73,,4935,18,,,0,33,,4931,18,,,0,73,,4928,18,,,0,33,,4919,18,,,0,73,,4932,18,,,0,73,,4921,18,,,0,33,,4923,18,,,0,73,,4926,18,,,0,33,,4927,18,,,0,73,,4918,18,,,0,33,,4936,18,,,0,73,,4922,18,,,0,33,,4930,18,,,0
1006000,'a6a1e58d-53c4-44f8-9966-8649a3a2e257',657,,6036,83,,,0,96,,6048,83,,,0,100,,6042,83,,,0,105,,6044,83,,,0,100,,6043,83,,,0,100,,6045,83,,,0,100,,6047,83,,,0,100,,6040,83,,,0,100,,6037,83,,,0,145,,6046,83,,,0,100,,6038,83,,,0,100,,6041,83,,,0,100,,6039,82,,,0
1006001,'a6a1e58d-53c4-44f8-9966-8649a3a2e257',608,,6061,110,,,0,50,,6053,110,,,0,100,,6051,110,,,0,145,,6049,110,,,0,100,,6055,110,,,0,100,,6059,110,,,0,100,,6058,110,,,0,100,,6052,110,,,0,100,,6056,110,,,0,105,,6057,110,,,0,100,,6060,110,,,0,100,,6054,110,,,0,100,,6050,110,,,0
3006000,'312abbf0-fdea-4eb9-96c5-7a94145aceb2',704,,6157,7,,,0,41,,6166,7,,,0,85,,6177,7,,,0,85,,6171,7,,,0,85,,6179,7,,,0,45,,6173,7,,,0,85,,6175,7,,,0,85,,6158,7,,,0,85,,6165,7,,,0,45,,6161,7,,,0,85,,6163,7,,,0,85,,6168,7,,,0,85,,6167,7,,,0,45,,6178,7,,,0,85,,6159,7,,,0,85,,6164,7,,,0,85,,6176,7,,,0,45,,6172,7,,,0,85,,6170,7,,,0,85,,6162,7,,,0,85,,6169,7,,,0,45,,6160,7,,,0,85,,6174,8,,,0
3006000,'66e3ca25-c949-45bf-aa5b-2bde8ae66f69',804,,6180,7,,,0,41,,6189,7,,,0,85,,6191,7,,,0,85,,6185,7,,,0,85,,6183,7,,,0,45,,6181,7,,,0,85,,6184,7,,,0,85,,6192,7,,,0,85,,6182,7,,,0,45,,6193,7,,,0,85,,6194,7,,,0,85,,6188,7,,,0,85,,6186,7,,,0,45,,6190,7,,,0,85,,6187,8,,,0
3006000,'9ba31bfb-7050-4158-afae-0ffd0d63aa0c',804,,6199,7,,,0,41,,6198,7,,,0,85,,6196,7,,,0,85,,6209,7,,,0,85,,6205,7,,,0,45,,6201,7,,,0,85,,6200,7,,,0,85,,6204,7,,,0,85,,6206,7,,,0,45,,6208,7,,,0,85,,6203,7,,,0,85,,6207,7,,,0,85,,6197,7,,,0,45,,6195,7,,,0,85,,6202,8,,,0
3006000,'a6a1e58d-53c4-44f8-9966-8649a3a2e257',1945,,6214,7,,,0,85,,6213,7,,,0,85,,6215,7,,,0,85,,6210,7,,,0,45,,6211,7,,,0,85,,6212,8,,,0
3006000,'cdcafeae-7da3-4ec3-beeb-64e1ab4dbc4b',804,,6221,7,,,0,41,,6227,7,,,0,85,,6226,7,,,0,85,,6223,7,,,0,85,,6224,7,,,0,45,,6230,7,,,0,85,,6229,7,,,0,85,,6228,7,,,0,85,,6219,7,,,0,45,,6225,7,,,0,85,,6222,7,,,0,85,,6218,7,,,0,85,,6216,7,,,0,45,,6217,7,,,0,85,,6220,8,,,0
3006001,'312abbf0-fdea-4eb9-96c5-7a94145aceb2',732,,6242,85,,,0,85,,6231,85,,,0,85,,6236,85,,,0,45,,6240,85,,,0,85,,6243,85,,,0,85,,6237,85,,,0,85,,6246,85,,,0,45,,6244,85,,,0,85,,6234,85,,,0,85,,6245,85,,,0,85,,6233,85,,,0,45,,6250,85,,,0,85,,6247,85,,,0,85,,6239,85,,,0,85,,6241,85,,,0,45,,6251,85,,,0,85,,6252,85,,,0,85,,6235,85,,,0,85,,6248,85,,,0,45,,6249,85,,,0,85,,6238,85,,,0,85,,6232,85,,,0
3006001,'66e3ca25-c949-45bf-aa5b-2bde8ae66f69',832,,6254,85,,,0,85,,6257,85,,,0,85,,6266,85,,,0,45,,6256,85,,,0,85,,6260,85,,,0,85,,6263,85,,,0,85,,6261,85,,,0,45,,6264,85,,,0,85,,6265,85,,,0,85,,6255,85,,,0,85,,6259,85,,,0,45,,6258,85,,,0,85,,6253,85,,,0,85,,6262,85,,,0
3006001,'9ba31bfb-7050-4158-afae-0ffd0d63aa0c',832,,6270,85,,,0,85,,6275,85,,,0,85,,6279,85,,,0,45,,6278,85,,,0,85,,6274,85,,,0,85,,6272,85,,,0,85,,6268,85,,,0,45,,6267,85,,,0,85,,6276,85,,,0,85,,6277,85,,,0,85,,6273,85,,,0,45,,6269,85,,,0,85,,6271,85,,,0,85,,6280,85,,,0
3006001,'a6a1e58d-53c4-44f8-9966-8649a3a2e257',1932,,6281,85,,,0,85,,6284,85,,,0,85,,6286,85,,,0,45,,6282,85,,,0,85,,6283,85,,,0,85,,6285,85,,,0
3006001,'cdcafeae-7da3-4ec3-beeb-64e1ab4dbc4b',832,,6287,85,,,0,85,,6297,85,,,0,85,,6298,85,,,0,45,,6295,85,,,0,85,,6299,85,,,0,85,,6288,85,,,0,85,,6289,85,,,0,45,,6291,85,,,0,85,,6290,85,,,0,85,,6293,85,,,0,85,,6300,85,,,0,45,,6296,85,,,0,85,,6294,85,,,0,85,,6292,85,,,0
