101,'8121286b-fd49-4716-b922-42f8d7dc989c',748,,3393,3,,,0,73,,3383,3,,,0,33,,3387,3,,,0,73,,3395,3,,,0,73,,3392,3,,,0,33,,3400,3,,,0,73,,3380,3,,,0,33,,3396,3,,,0,73,,3397,3,,,0,33,,3385,3,,,0,73,,3394,3,,,0,33,,3390,3,,,0,73,,3391,3,,,0,33,,3381,3,,,0,73,,3384,3,,,0,73,,3401,3,,,0,33,,3386,3,,,0,73,,3399,3,,,0,33,,3382,3,,,0,73,,3398,3,,,0,33,,3388,3,,,0
101,'b3648ede-5954-434f-9b9d-d5f08e1e70ad',748,,3411,3,,,0,73,,3408,3,,,0,33,,3402,3,,,0,73,,3421,3,,,0,73,,3414,3,,,0,33,,3422,3,,,0,73,,3415,3,,,0,33,,3403,3,,,0,73,,3410,3,,,0,33,,3418,3,,,0,73,,3417,3,,,0,33,,3412,3,,,0,73,,3404,3,,,0,33,,3407,3,,,0,73,,3405,3,,,0,73,,3416,3,,,0,33,,3409,3,,,0,73,,3423,3,,,0,33,,3413,3,,,0,73,,3419,3,,,0,33,,3406,3,,,0
101,'c48e9871-c7da-4ae0-bf7c-b3496ea4ba29',715,,3433,3,,,0,33,,3435,3,,,0,73,,3446,3,,,0,33,,3437,3,,,0,73,,3443,3,,,0,73,,3449,3,,,0,33,,3438,3,,,0,73,,3434,3,,,0,33,,3453,3,,,0,73,,3427,3,,,0,33,,3424,3,,,0,73,,3444,3,,,0,33,,3454,3,,,0,73,,3456,3,,,0,33,,3450,3,,,0,73,,3428,3,,,0,73,,3440,3,,,0,33,,3429,3,,,0,73,,3430,3,,,0,33,,3448,3,,,0,73,,3445,3,,,0,33,,3451,3,,,0,73,,3442,3,,,0,33,,3439,3,,,0,73,,3457,3,,,0,73,,3447,3,,,0,33,,3432,3,,,0,73,,3441,3,,,0,30,,3431,3,,,0,70,,3455,3,,,0,35,,3452,3,,,0
101,'d7cebbf2-c439-48e5-af23-2183cbefe818',609,,3458,3,,,0,33,,3478,3,,,0,73,,3488,3,,,0,33,,3472,3,,,0,73,,3484,3,,,0,33,,3483,3,,,0,73,,3474,3,,,0,73,,3468,3,,,0,33,,3470,3,,,0,73,,3482,3,,,0,33,,3477,3,,,0,73,,3485,3,,,0,33,,3466,3,,,0,73,,3465,3,,,0,33,,3463,3,,,0,73,,3475,3,,,0,33,,3459,3,,,0,73,,3489,3,,,0,73,,3467,3,,,0,33,,3491,3,,,0,73,,3461,3,,,0,33,,3479,3,,,0,73,,3481,3,,,0,33,,3471,3,,,0,73,,3487,3,,,0,33,,3480,3,,,0,73,,3473,3,,,0,73,,3486,3,,,0,33,,3460,3,,,0,73,,3490,3,,,0,30,,3464,3,,,0,70,,3476,3,,,0,35,,3462,3,,,0
300,'8121286b-fd49-4716-b922-42f8d7dc989c',745,,3716,2,,,0,73,,3734,2,,,0,33,,3720,2,,,0,73,,3715,2,,,0,33,,3719,2,,,0,73,,3714,2,,,0,73,,3717,2,,,0,33,,3718,2,,,0,73,,3722,2,,,0,33,,3721,2,,,0,73,,3726,2,,,0,33,,3727,2,,,0,73,,3725,2,,,0,33,,3728,2,,,0,73,,3723,2,,,0,73,,3724,2,,,0,33,,3732,2,,,0,73,,3731,2,,,0,33,,3730,2,,,0,73,,3733,2,,,0,28,,3729,2,,,0
300,'b3648ede-5954-434f-9b9d-d5f08e1e70ad',745,,3741,2,,,0,73,,3737,2,,,0,33,,3750,2,,,0,73,,3755,2,,,0,33,,3748,2,,,0,73,,3745,2,,,0,73,,3754,2,,,0,33,,3740,2,,,0,73,,3749,2,,,0,33,,3752,2,,,0,73,,3753,2,,,0,33,,3742,2,,,0,73,,3739,2,,,0,33,,3735,2,,,0,73,,3747,2,,,0,73,,3746,2,,,0,33,,3743,2,,,0,73,,3744,2,,,0,33,,3751,2,,,0,73,,3736,2,,,0,28,,3738,2,,,0
300,'c48e9871-c7da-4ae0-bf7c-b3496ea4ba29',712,,3770,2,,,0,33,,3776,2,,,0,73,,3782,2,,,0,33,,3759,2,,,0,73,,3786,2,,,0,33,,3777,2,,,0,73,,3783,2,,,0,73,,3757,2,,,0,33,,3756,2,,,0,73,,3779,2,,,0,33,,3773,2,,,0,73,,3780,2,,,0,33,,3778,2,,,0,73,,3764,2,,,0,33,,3775,2,,,0,73,,3768,2,,,0,73,,3766,2,,,0,33,,3784,2,,,0,73,,3760,2,,,0,33,,3771,2,,,0,73,,3762,2,,,0,33,,3765,2,,,0,73,,3767,2,,,0,33,,3785,2,,,0,73,,3774,2,,,0,33,,3763,2,,,0,73,,3769,2,,,0,73,,3761,2,,,0,33,,3758,2,,,0,64,,3772,2,,,0,30,,3781,2,,,0
300,'d7cebbf2-c439-48e5-af23-2183cbefe818',606,,3794,2,,,0,34,,3814,2,,,0,72,,3817,2,,,0,33,,3803,2,,,0,73,,3819,2,,,0,33,,3806,2,,,0,73,,3816,2,,,0,33,,3807,2,,,0,73,,3818,2,,,0,73,,3811,2,,,0,33,,3802,2,,,0,73,,3792,2,,,0,33,,3787,2,,,0,73,,3796,2,,,0,33,,3812,2,,,0,73,,3799,2,,,0,33,,3813,2,,,0,73,,3800,2,,,0,73,,3809,2,,,0,33,,3797,2,,,0,73,,3798,2,,,0,33,,3791,2,,,0,73,,3793,2,,,0,33,,3789,2,,,0,73,,3804,2,,,0,33,,3801,2,,,0,73,,3815,2,,,0,33,,3808,2,,,0,73,,3810,2,,,0,73,,3795,2,,,0,33,,3790,2,,,0,64,,3805,2,,,0,30,,3788,2,,,0
1006000,'d7cebbf2-c439-48e5-af23-2183cbefe818',643,,4433,4,,,0,95,,4435,4,,,0,100,,4443,4,,,0,100,,4438,4,,,0,100,,4434,4,,,0,100,,4440,4,,,0,100,,4439,4,,,0,100,,4442,4,,,0,100,,4441,4,,,0,100,,4437,4,,,0,100,,4432,4,,,0,100,,4444,4,,,0,100,,4436,4,,,0
1006100,'d7cebbf2-c439-48e5-af23-2183cbefe818',645,,4467,5,,,0,80,,4466,5,,,0,85,,4459,5,,,0,45,,4472,5,,,0,85,,4470,5,,,0,85,,4462,5,,,0,85,,4468,5,,,0,45,,4469,5,,,0,85,,4471,5,,,0,85,,4463,5,,,0,85,,4461,5,,,0,45,,4474,5,,,0,85,,4460,5,,,0,85,,4473,5,,,0,85,,4464,5,,,0,45,,4465,5,,,0,85,,4458,5,,,0
2006000,'d7cebbf2-c439-48e5-af23-2183cbefe818',621,,4504,4,,,0,93,,4505,4,,,0,100,,4498,4,,,0,100,,4499,4,,,0,100,,4503,4,,,0,100,,4502,4,,,0,100,,4497,4,,,0,100,,4494,4,,,0,100,,4495,4,,,0,100,,4493,4,,,0,100,,4496,4,,,0,100,,4501,4,,,0,100,,4500,4,,,0
3006000,'8121286b-fd49-4716-b922-42f8d7dc989c',800,,4559,2,,,0,41,,4563,2,,,0,85,,4553,2,,,0,85,,4555,2,,,0,45,,4556,2,,,0,85,,4561,2,,,0,85,,4557,2,,,0,85,,4554,2,,,0,45,,4558,2,,,0,85,,4566,2,,,0,85,,4567,2,,,0,85,,4565,2,,,0,45,,4560,2,,,0,85,,4564,2,,,0,85,,4562,2,,,0
3006000,'b3648ede-5954-434f-9b9d-d5f08e1e70ad',800,,4575,2,,,0,41,,4580,2,,,0,85,,4579,2,,,0,85,,4569,2,,,0,45,,4577,2,,,0,85,,4574,2,,,0,85,,4581,2,,,0,85,,4573,2,,,0,45,,4572,2,,,0,85,,4576,2,,,0,85,,4570,2,,,0,85,,4568,2,,,0,45,,4571,2,,,0,85,,4582,2,,,0,85,,4578,2,,,0
3006000,'c48e9871-c7da-4ae0-bf7c-b3496ea4ba29',700,,4598,2,,,0,41,,4594,2,,,0,85,,4593,2,,,0,85,,4584,2,,,0,45,,4599,2,,,0,85,,4589,2,,,0,85,,4595,2,,,0,85,,4603,2,,,0,45,,4591,2,,,0,85,,4585,2,,,0,85,,4586,2,,,0,85,,4600,2,,,0,45,,4596,2,,,0,85,,4588,2,,,0,85,,4604,2,,,0,85,,4592,2,,,0,45,,4605,2,,,0,85,,4602,2,,,0,85,,4587,2,,,0,85,,4601,2,,,0,45,,4583,2,,,0,85,,4590,2,,,0,85,,4597,2,,,0
3006000,'d7cebbf2-c439-48e5-af23-2183cbefe818',1941,,4609,2,,,0,85,,4607,2,,,0,85,,4610,2,,,0,45,,4611,2,,,0,85,,4608,2,,,0,85,,4606,2,,,0
