200,'8121286b-fd49-4716-b922-42f8d7dc989c',823,,3497,190,,,0,33,,3511,190,,,0,73,,3493,190,,,0,73,,3503,190,,,0,33,,3495,190,,,0,73,,3504,190,,,0,33,,3501,190,,,0,73,,3505,190,,,0,33,,3509,190,,,0,73,,3500,190,,,0,33,,3508,190,,,0,73,,3502,190,,,0,33,,3507,190,,,0,73,,3492,190,,,0,73,,3496,190,,,0,33,,3498,190,,,0,73,,3510,190,,,0,33,,3506,190,,,0,73,,3513,190,,,0,33,,3494,190,,,0
200,'b3648ede-5954-434f-9b9d-d5f08e1e70ad',823,,3514,190,,,0,33,,3530,190,,,0,73,,3523,190,,,0,73,,3520,190,,,0,33,,3525,190,,,0,73,,3528,190,,,0,33,,3532,190,,,0,73,,3531,190,,,0,33,,3535,190,,,0,73,,3534,190,,,0,33,,3517,190,,,0,73,,3519,190,,,0,33,,3524,190,,,0,73,,3518,190,,,0,73,,3529,190,,,0,33,,3533,190,,,0,73,,3516,190,,,0,33,,3515,190,,,0,73,,3526,190,,,0,33,,3527,190,,,0
200,'c48e9871-c7da-4ae0-bf7c-b3496ea4ba29',717,,3546,190,,,0,33,,3565,190,,,0,73,,3551,190,,,0,33,,3562,190,,,0,73,,3538,190,,,0,73,,3547,190,,,0,33,,3555,190,,,0,73,,3545,190,,,0,33,,3544,190,,,0,73,,3542,190,,,0,33,,3536,190,,,0,73,,3540,190,,,0,33,,3568,190,,,0,73,,3553,190,,,0,33,,3564,190,,,0,73,,3537,190,,,0,73,,3554,190,,,0,33,,3561,190,,,0,73,,3557,190,,,0,33,,3560,190,,,0,73,,3552,190,,,0,33,,3548,190,,,0,73,,3559,190,,,0,33,,3550,190,,,0,73,,3563,190,,,0,73,,3566,190,,,0,33,,3558,190,,,0,73,,3543,190,,,0,33,,3567,190,,,0,73,,3549,190,,,0,30,,3541,190,,,0
200,'d7cebbf2-c439-48e5-af23-2183cbefe818',618,,3588,190,,,0,26,,3580,190,,,0,73,,3599,190,,,0,33,,3596,190,,,0,73,,3571,190,,,0,33,,3603,190,,,0,73,,3572,190,,,0,73,,3604,190,,,0,33,,3570,190,,,0,73,,3581,190,,,0,33,,3602,190,,,0,73,,3589,190,,,0,33,,3578,190,,,0,73,,3575,190,,,0,33,,3584,190,,,0,73,,3600,190,,,0,33,,3587,190,,,0,73,,3573,190,,,0,73,,3594,190,,,0,33,,3595,190,,,0,73,,3582,190,,,0,33,,3593,190,,,0,73,,3574,190,,,0,33,,3598,190,,,0,73,,3601,190,,,0,33,,3592,190,,,0,73,,3597,190,,,0,73,,3590,190,,,0,33,,3591,190,,,0,73,,3585,190,,,0,33,,3576,190,,,0,73,,3583,190,,,0,30,,3577,190,,,0
300,'8121286b-fd49-4716-b922-42f8d7dc989c',807,,3716,68,,,0,33,,3734,68,,,0,73,,3720,68,,,0,33,,3715,68,,,0,73,,3719,68,,,0,33,,3714,68,,,0,73,,3717,68,,,0,33,,3718,68,,,0,73,,3722,68,,,0,73,,3721,68,,,0,33,,3726,68,,,0,73,,3727,68,,,0,33,,3725,68,,,0,73,,3728,68,,,0,33,,3723,68,,,0,73,,3724,68,,,0,33,,3732,68,,,0,73,,3731,68,,,0,73,,3730,68,,,0,33,,3733,68,,,0,68,,3729,68,,,0
300,'b3648ede-5954-434f-9b9d-d5f08e1e70ad',807,,3741,68,,,0,33,,3737,68,,,0,73,,3750,68,,,0,33,,3755,68,,,0,73,,3748,68,,,0,33,,3745,68,,,0,73,,3754,68,,,0,33,,3740,68,,,0,73,,3749,68,,,0,73,,3752,68,,,0,33,,3753,68,,,0,73,,3742,68,,,0,33,,3739,68,,,0,73,,3735,68,,,0,33,,3747,68,,,0,73,,3746,68,,,0,33,,3743,68,,,0,73,,3744,68,,,0,73,,3751,68,,,0,33,,3736,68,,,0,68,,3738,68,,,0
300,'c48e9871-c7da-4ae0-bf7c-b3496ea4ba29',734,,3770,68,,,0,73,,3776,68,,,0,33,,3782,68,,,0,73,,3759,68,,,0,33,,3786,68,,,0,73,,3777,68,,,0,33,,3783,68,,,0,73,,3757,68,,,0,33,,3756,68,,,0,73,,3779,68,,,0,73,,3773,68,,,0,33,,3780,68,,,0,73,,3778,68,,,0,33,,3764,68,,,0,73,,3775,68,,,0,33,,3768,68,,,0,73,,3766,68,,,0,33,,3784,68,,,0,73,,3760,68,,,0,73,,3771,68,,,0,33,,3762,68,,,0,73,,3765,68,,,0,33,,3767,68,,,0,73,,3785,68,,,0,33,,3774,68,,,0,73,,3763,68,,,0,33,,3769,68,,,0,73,,3761,68,,,0,33,,3758,68,,,0,64,,3772,68,,,0,30,,3781,68,,,0
300,'d7cebbf2-c439-48e5-af23-2183cbefe818',628,,3794,68,,,0,74,,3814,68,,,0,32,,3817,68,,,0,73,,3803,68,,,0,33,,3819,68,,,0,73,,3806,68,,,0,33,,3816,68,,,0,73,,3807,68,,,0,33,,3818,68,,,0,73,,3811,68,,,0,33,,3802,68,,,0,73,,3792,68,,,0,73,,3787,68,,,0,33,,3796,68,,,0,73,,3812,68,,,0,33,,3799,68,,,0,73,,3813,68,,,0,33,,3800,68,,,0,73,,3809,68,,,0,33,,3797,68,,,0,73,,3798,68,,,0,73,,3791,68,,,0,33,,3793,68,,,0,73,,3789,68,,,0,33,,3804,68,,,0,73,,3801,68,,,0,33,,3815,68,,,0,73,,3808,68,,,0,33,,3810,68,,,0,73,,3795,68,,,0,33,,3790,68,,,0,64,,3805,68,,,0,30,,3788,68,,,0
400,'8121286b-fd49-4716-b922-42f8d7dc989c',841,,3940,144,,,0,71,,3931,144,,,0,33,,3933,144,,,0,73,,3930,144,,,0,33,,3941,144,,,0,73,,3936,144,,,0,33,,3937,144,,,0,73,,3927,144,,,0,73,,3934,144,,,0,33,,3943,144,,,0,73,,3944,144,,,0,33,,3942,144,,,0,73,,3928,144,,,0,33,,3938,144,,,0,73,,3935,144,,,0,33,,3939,144,,,0,73,,3929,144,,,0,73,,3945,144,,,0,33,,3926,144,,,0,73,,3932,143,,,0
400,'b3648ede-5954-434f-9b9d-d5f08e1e70ad',841,,3950,144,,,0,71,,3951,144,,,0,33,,3961,144,,,0,73,,3947,144,,,0,33,,3953,144,,,0,73,,3956,144,,,0,33,,3946,144,,,0,73,,3955,144,,,0,73,,3963,144,,,0,33,,3958,144,,,0,73,,3960,144,,,0,33,,3965,144,,,0,73,,3964,144,,,0,33,,3962,144,,,0,73,,3952,144,,,0,33,,3949,144,,,0,73,,3959,144,,,0,73,,3957,144,,,0,33,,3948,144,,,0,73,,3954,143,,,0
400,'c48e9871-c7da-4ae0-bf7c-b3496ea4ba29',734,,3969,144,,,0,72,,3992,144,,,0,35,,3984,144,,,0,71,,3981,144,,,0,33,,3988,144,,,0,73,,3975,144,,,0,33,,3982,144,,,0,73,,3980,144,,,0,33,,3968,144,,,0,73,,3985,144,,,0,73,,3987,144,,,0,33,,3994,144,,,0,73,,3970,144,,,0,33,,3991,144,,,0,73,,3997,144,,,0,33,,3971,144,,,0,73,,3989,144,,,0,33,,3977,144,,,0,73,,3986,144,,,0,73,,3967,144,,,0,33,,3974,144,,,0,73,,3983,144,,,0,33,,3976,144,,,0,73,,3972,144,,,0,33,,3995,144,,,0,73,,3993,144,,,0,33,,3973,144,,,0,73,,3996,144,,,0,33,,3979,144,,,0,73,,3998,144,,,0,26,,3978,143,,,0
400,'d7cebbf2-c439-48e5-af23-2183cbefe818',636,,4013,144,,,0,65,,4027,144,,,0,33,,4022,144,,,0,72,,4008,144,,,0,34,,4003,144,,,0,72,,4030,144,,,0,33,,4025,144,,,0,73,,4001,144,,,0,33,,4016,144,,,0,73,,4015,144,,,0,33,,4000,144,,,0,73,,4017,144,,,0,73,,4010,144,,,0,33,,4032,144,,,0,73,,4007,144,,,0,33,,4005,144,,,0,73,,4009,144,,,0,33,,4023,144,,,0,73,,4011,144,,,0,33,,4020,144,,,0,73,,4012,144,,,0,73,,4002,144,,,0,33,,4014,144,,,0,73,,4029,144,,,0,33,,4026,144,,,0,73,,4004,144,,,0,33,,4031,144,,,0,73,,4018,144,,,0,33,,4021,144,,,0,73,,4019,144,,,0,33,,4024,144,,,0,73,,4006,144,,,0,26,,3999,143,,,0
