100,'1fe0d92c-9044-4814-8d20-55198bafd146',606,,6309,31,,,0,28,,6302,31,,,0,69,,6334,31,,,0,33,,6324,31,,,0,73,,6327,31,,,0,33,,6314,31,,,0,73,,6303,31,,,0,33,,6329,31,,,0,73,,6307,31,,,0,33,,6335,31,,,0,73,,6312,31,,,0,73,,6315,31,,,0,33,,6333,31,,,0,73,,6311,31,,,0,36,,6328,31,,,0,75,,6320,31,,,0,35,,6308,31,,,0,75,,6323,31,,,0,75,,6317,31,,,0,35,,6301,31,,,0,75,,6325,31,,,0,35,,6321,31,,,0,72,,6330,31,,,0,33,,6331,31,,,0,73,,6318,31,,,0,33,,6306,31,,,0,73,,6319,31,,,0,73,,6316,31,,,0,33,,6305,31,,,0,73,,6332,31,,,0,30,,6322,31,,,0,60,,6304,31,,,0,30,,6310,34,,,0,23,,6326,34,,,0
100,'9ecf710c-601d-465c-83ad-25c219925bad',700,,6349,31,,,0,36,,6345,31,,,0,73,,6348,31,,,0,33,,6340,31,,,0,73,,6363,31,,,0,33,,6358,31,,,0,73,,6341,31,,,0,33,,6336,31,,,0,73,,6351,31,,,0,73,,6362,31,,,0,33,,6368,31,,,0,73,,6355,31,,,0,36,,6357,31,,,0,75,,6367,31,,,0,35,,6347,31,,,0,75,,6354,31,,,0,75,,6353,31,,,0,35,,6344,31,,,0,78,,6346,31,,,0,32,,6350,31,,,0,72,,6352,31,,,0,33,,6356,31,,,0,73,,6366,31,,,0,33,,6343,31,,,0,73,,6361,31,,,0,73,,6342,31,,,0,33,,6364,31,,,0,73,,6360,31,,,0,30,,6339,31,,,0,60,,6337,31,,,0,30,,6365,34,,,0,23,,6359,34,,,0
100,'bcaf19fe-11ef-4115-afbb-ac9c5f562f28',809,,6383,31,,,0,33,,6384,31,,,0,73,,6369,31,,,0,33,,6382,31,,,0,73,,6388,31,,,0,33,,6371,31,,,0,73,,6387,31,,,0,73,,6377,31,,,0,33,,6380,31,,,0,73,,6386,31,,,0,33,,6381,31,,,0,73,,6385,31,,,0,33,,6373,31,,,0,73,,6370,31,,,0,33,,6376,31,,,0,73,,6391,31,,,0,33,,6378,31,,,0,73,,6389,31,,,0,73,,6375,31,,,0,33,,6379,34,,,0,65,,6390,34,,,0
100,'bf660328-88ad-42b5-9a19-68afdd8f4a47',809,,6399,31,,,0,33,,6401,31,,,0,73,,6406,31,,,0,33,,6393,31,,,0,73,,6396,31,,,0,33,,6410,31,,,0,73,,6395,31,,,0,73,,6405,31,,,0,33,,6411,31,,,0,73,,6403,31,,,0,33,,6404,31,,,0,73,,6392,31,,,0,33,,6397,31,,,0,73,,6398,31,,,0,33,,6412,31,,,0,73,,6409,31,,,0,33,,6402,31,,,0,73,,6400,31,,,0,73,,6407,31,,,0,33,,6408,34,,,0,65,,6394,34,,,0
100,'ed28f9c7-46cd-41bf-a6ca-237f78214646',809,,6430,31,,,0,33,,6419,31,,,0,73,,6414,31,,,0,33,,6433,31,,,0,73,,6425,31,,,0,33,,6418,31,,,0,73,,6423,31,,,0,73,,6421,31,,,0,33,,6429,31,,,0,73,,6416,31,,,0,33,,6415,31,,,0,73,,6422,31,,,0,33,,6426,31,,,0,73,,6417,31,,,0,33,,6432,31,,,0,73,,6413,31,,,0,33,,6434,31,,,0,73,,6427,31,,,0,73,,6435,31,,,0,33,,6420,34,,,0,65,,6431,34,,,0
101,'1fe0d92c-9044-4814-8d20-55198bafd146',610,,6467,122,,,0,26,,6462,122,,,0,76,,6464,122,,,0,33,,6440,122,,,0,73,,6437,122,,,0,33,,6450,122,,,0,73,,6456,122,,,0,33,,6448,122,,,0,73,,6443,122,,,0,73,,6457,122,,,0,33,,6439,122,,,0,73,,6447,122,,,0,33,,6466,122,,,0,73,,6452,122,,,0,37,,6451,122,,,0,75,,6442,122,,,0,75,,6438,122,,,0,35,,6453,122,,,0,75,,6469,122,,,0,35,,6458,122,,,0,75,,6454,122,,,0,35,,6463,122,,,0,71,,6465,122,,,0,73,,6441,122,,,0,33,,6461,122,,,0,73,,6460,122,,,0,33,,6445,122,,,0,73,,6444,122,,,0,33,,6459,122,,,0,70,,6446,122,,,0,24,,6455,122,,,0,70,,6470,122,,,0,30,,6468,122,,,0,10,,6449,125,,,0
101,'9ecf710c-601d-465c-83ad-25c219925bad',712,,6471,122,,,0,33,,6482,122,,,0,73,,6490,122,,,0,33,,6504,122,,,0,73,,6473,122,,,0,33,,6496,122,,,0,73,,6481,122,,,0,73,,6502,122,,,0,33,,6476,122,,,0,73,,6499,122,,,0,33,,6495,122,,,0,73,,6477,122,,,0,37,,6498,122,,,0,75,,6484,122,,,0,75,,6483,122,,,0,35,,6479,122,,,0,75,,6488,122,,,0,35,,6475,122,,,0,75,,6494,122,,,0,35,,6501,122,,,0,71,,6480,122,,,0,73,,6500,122,,,0,33,,6497,122,,,0,73,,6493,122,,,0,33,,6492,122,,,0,73,,6489,122,,,0,33,,6486,122,,,0,70,,6472,122,,,0,24,,6474,122,,,0,70,,6485,122,,,0,30,,6491,122,,,0,10,,6478,125,,,0
101,'bcaf19fe-11ef-4115-afbb-ac9c5f562f28',818,,6516,122,,,0,33,,6518,122,,,0,73,,6522,122,,,0,33,,6507,122,,,0,73,,6506,122,,,0,73,,6511,122,,,0,33,,6509,122,,,0,73,,6505,122,,,0,33,,6526,122,,,0,73,,6510,122,,,0,33,,6521,122,,,0,73,,6515,122,,,0,33,,6508,122,,,0,73,,6525,122,,,0,73,,6513,122,,,0,33,,6520,122,,,0,73,,6523,122,,,0,33,,6519,122,,,0,73,,6517,122,,,0,33,,6524,122,,,0
101,'bf660328-88ad-42b5-9a19-68afdd8f4a47',818,,6548,122,,,0,33,,6527,122,,,0,73,,6537,122,,,0,33,,6534,122,,,0,73,,6547,122,,,0,73,,6539,122,,,0,33,,6541,122,,,0,73,,6535,122,,,0,33,,6542,122,,,0,73,,6545,122,,,0,33,,6538,122,,,0,73,,6533,122,,,0,33,,6531,122,,,0,73,,6530,122,,,0,73,,6529,122,,,0,33,,6546,122,,,0,73,,6532,122,,,0,33,,6536,122,,,0,73,,6543,122,,,0,33,,6540,122,,,0
101,'ed28f9c7-46cd-41bf-a6ca-237f78214646',818,,6565,122,,,0,33,,6567,122,,,0,73,,6569,122,,,0,33,,6550,122,,,0,73,,6557,122,,,0,73,,6563,122,,,0,33,,6564,122,,,0,73,,6556,122,,,0,33,,6561,122,,,0,73,,6554,122,,,0,33,,6552,122,,,0,73,,6553,122,,,0,33,,6558,122,,,0,73,,6562,122,,,0,73,,6549,122,,,0,33,,6555,122,,,0,73,,6560,122,,,0,33,,6559,122,,,0,73,,6568,122,,,0,33,,6551,122,,,0
200,'1fe0d92c-9044-4814-8d20-55198bafd146',611,,6577,36,,,0,35,,6578,36,,,0,73,,6576,36,,,0,33,,6593,36,,,0,73,,6597,36,,,0,33,,6592,36,,,0,73,,6580,36,,,0,73,,6601,36,,,0,33,,6598,36,,,0,73,,6589,36,,,0,33,,6591,36,,,0,73,,6595,36,,,0,33,,6583,36,,,0,76,,6581,36,,,0,75,,6602,36,,,0,35,,6599,36,,,0,75,,6571,36,,,0,35,,6586,36,,,0,75,,6582,36,,,0,35,,6604,36,,,0,75,,6588,36,,,0,72,,6579,36,,,0,33,,6573,36,,,0,73,,6574,36,,,0,33,,6587,36,,,0,73,,6572,36,,,0,33,,6575,36,,,0,73,,6590,36,,,0,33,,6596,36,,,0,73,,6603,36,,,0,24,,6585,36,,,0,70,,6600,36,,,0,20,,6584,36,,,0
200,'9ecf710c-601d-465c-83ad-25c219925bad',719,,6610,36,,,0,33,,6612,36,,,0,73,,6628,36,,,0,33,,6625,36,,,0,73,,6639,36,,,0,73,,6634,36,,,0,33,,6627,36,,,0,73,,6637,36,,,0,33,,6623,36,,,0,73,,6633,36,,,0,33,,6607,36,,,0,76,,6635,36,,,0,75,,6624,36,,,0,35,,6621,36,,,0,75,,6613,36,,,0,35,,6615,36,,,0,75,,6606,36,,,0,35,,6620,36,,,0,75,,6611,36,,,0,72,,6636,36,,,0,33,,6629,36,,,0,73,,6638,36,,,0,33,,6614,36,,,0,73,,6616,36,,,0,33,,6619,36,,,0,73,,6608,36,,,0,33,,6630,36,,,0,71,,6609,36,,,0,26,,6626,36,,,0,70,,6618,36,,,0,20,,6631,36,,,0
200,'bcaf19fe-11ef-4115-afbb-ac9c5f562f28',825,,6656,36,,,0,33,,6642,36,,,0,73,,6648,36,,,0,73,,6649,36,,,0,33,,6644,36,,,0,73,,6641,36,,,0,33,,6651,36,,,0,73,,6652,36,,,0,33,,6645,36,,,0,73,,6654,36,,,0,33,,6643,36,,,0,73,,6650,36,,,0,73,,6647,36,,,0,33,,6658,36,,,0,73,,6640,36,,,0,33,,6655,36,,,0,73,,6660,36,,,0,33,,6653,36,,,0,73,,6661,36,,,0,28,,6659,36,,,0
200,'bf660328-88ad-42b5-9a19-68afdd8f4a47',825,,6683,36,,,0,33,,6681,36,,,0,73,,6670,36,,,0,73,,6665,36,,,0,33,,6675,36,,,0,73,,6682,36,,,0,33,,6668,36,,,0,73,,6679,36,,,0,33,,6667,36,,,0,73,,6663,36,,,0,33,,6662,36,,,0,73,,6680,36,,,0,73,,6676,36,,,0,33,,6677,36,,,0,73,,6666,36,,,0,33,,6664,36,,,0,73,,6678,36,,,0,33,,6674,36,,,0,73,,6673,36,,,0,28,,6672,36,,,0
200,'ed28f9c7-46cd-41bf-a6ca-237f78214646',825,,6704,36,,,0,33,,6684,36,,,0,73,,6696,36,,,0,73,,6689,36,,,0,33,,6695,36,,,0,73,,6685,36,,,0,33,,6699,36,,,0,73,,6703,36,,,0,33,,6694,36,,,0,73,,6697,36,,,0,33,,6702,36,,,0,73,,6698,36,,,0,73,,6691,36,,,0,33,,6692,36,,,0,73,,6693,36,,,0,33,,6700,36,,,0,73,,6690,36,,,0,33,,6688,36,,,0,73,,6705,36,,,0,28,,6701,36,,,0
201,'1fe0d92c-9044-4814-8d20-55198bafd146',623,,6714,153,,,0,33,,6727,153,,,0,73,,6711,153,,,0,73,,6737,153,,,0,33,,6710,153,,,0,73,,6708,153,,,0,33,,6706,153,,,0,73,,6736,153,,,0,33,,6732,153,,,0,73,,6720,153,,,0,33,,6715,153,,,0,73,,6718,153,,,0,33,,6712,153,,,0,77,,6719,153,,,0,75,,6717,153,,,0,35,,6739,153,,,0,75,,6740,153,,,0,35,,6707,153,,,0,75,,6730,153,,,0,75,,6716,153,,,0,33,,6729,153,,,0,73,,6721,153,,,0,33,,6725,153,,,0,73,,6738,153,,,0,33,,6722,153,,,0,73,,6709,153,,,0,33,,6724,153,,,0,73,,6735,153,,,0,73,,6733,153,,,0,26,,6726,153,,,0,30,,6713,153,,,0,70,,6734,153,,,0,25,,6731,153,,,0
201,'9ecf710c-601d-465c-83ad-25c219925bad',729,,6755,153,,,0,73,,6758,153,,,0,33,,6766,153,,,0,73,,6770,153,,,0,33,,6771,153,,,0,73,,6764,153,,,0,33,,6772,153,,,0,73,,6763,153,,,0,33,,6753,153,,,0,73,,6757,153,,,0,33,,6748,153,,,0,77,,6746,153,,,0,75,,6754,153,,,0,35,,6768,153,,,0,75,,6761,153,,,0,35,,6742,153,,,0,75,,6743,153,,,0,75,,6759,153,,,0,35,,6752,153,,,0,71,,6762,153,,,0,33,,6744,153,,,0,73,,6760,153,,,0,33,,6747,153,,,0,73,,6749,153,,,0,33,,6767,153,,,0,73,,6745,153,,,0,73,,6769,153,,,0,26,,6751,153,,,0,30,,6741,153,,,0,70,,6756,153,,,0,25,,6765,153,,,0
201,'bcaf19fe-11ef-4115-afbb-ac9c5f562f28',835,,6791,153,,,0,73,,6773,153,,,0,33,,6774,153,,,0,73,,6786,153,,,0,33,,6790,153,,,0,73,,6793,153,,,0,33,,6787,153,,,0,73,,6792,153,,,0,33,,6777,153,,,0,73,,6784,153,,,0,73,,6794,153,,,0,33,,6775,153,,,0,73,,6778,153,,,0,33,,6781,153,,,0,73,,6782,153,,,0,33,,6776,153,,,0,73,,6785,153,,,0,33,,6789,153,,,0,73,,6783,153,,,0,73,,6779,153,,,0
201,'bf660328-88ad-42b5-9a19-68afdd8f4a47',835,,6797,153,,,0,73,,6798,153,,,0,33,,6803,153,,,0,73,,6804,153,,,0,33,,6811,153,,,0,73,,6813,153,,,0,33,,6808,153,,,0,73,,6806,153,,,0,33,,6809,153,,,0,73,,6800,153,,,0,73,,6799,153,,,0,33,,6801,153,,,0,73,,6795,153,,,0,33,,6814,153,,,0,73,,6805,153,,,0,33,,6810,153,,,0,73,,6807,153,,,0,33,,6802,153,,,0,73,,6812,153,,,0,73,,6796,153,,,0
201,'ed28f9c7-46cd-41bf-a6ca-237f78214646',835,,6832,153,,,0,73,,6836,153,,,0,33,,6835,153,,,0,73,,6821,153,,,0,33,,6830,153,,,0,73,,6817,153,,,0,33,,6822,153,,,0,73,,6823,153,,,0,33,,6827,153,,,0,73,,6828,153,,,0,73,,6816,153,,,0,33,,6820,153,,,0,73,,6819,153,,,0,33,,6826,153,,,0,73,,6815,153,,,0,33,,6829,153,,,0,73,,6824,153,,,0,33,,6818,153,,,0,73,,6834,153,,,0,73,,6833,153,,,0
5300,'1fe0d92c-9044-4814-8d20-55198bafd146',600,,7548,0,,,0,30,,7539,0,,,0,70,,7534,0,,,0,30,,7537,0,,,0,70,,7550,0,,,0,30,,7543,0,,,0,70,,7530,0,,,0,30,,7551,0,,,0,70,,7542,0,,,0,30,,7535,0,,,0,70,,7540,0,,,0,30,,7527,0,,,0,70,,7545,0,,,0,30,,7547,0,,,0,70,,7536,0,,,0,30,,7531,0,,,0,70,,7528,0,,,0,35,,7546,0,,,0,75,,7541,0,,,0,35,,7533,0,,,0,75,,7549,0,,,0,35,,7544,0,,,0,75,,7532,0,,,0,75,,7529,0,,,0,30,,7538,0,,,0
5300,'9ecf710c-601d-465c-83ad-25c219925bad',700,,7567,0,,,0,30,,7571,0,,,0,70,,7557,0,,,0,30,,7574,0,,,0,70,,7559,0,,,0,30,,7554,0,,,0,70,,7561,0,,,0,30,,7570,0,,,0,70,,7565,0,,,0,30,,7556,0,,,0,70,,7568,0,,,0,30,,7566,0,,,0,70,,7553,0,,,0,30,,7562,0,,,0,70,,7573,0,,,0,35,,7563,0,,,0,75,,7564,0,,,0,35,,7560,0,,,0,75,,7552,0,,,0,35,,7558,0,,,0,75,,7555,0,,,0,75,,7572,0,,,0,30,,7569,0,,,0
5301,'1fe0d92c-9044-4814-8d20-55198bafd146',623,,7583,96,4,,0,30,,7579,96,4,,0,71,,7578,96,4,,0,30,,7581,96,4,,0,70,,7584,96,4,,0,30,,7577,96,4,,0,70,,7594,96,4,,0,30,,7590,96,4,,0,70,,7576,96,4,,0,30,,7591,96,4,,0,70,,7597,96,4,,0,30,,7598,96,4,,0,70,,7588,96,4,,0,30,,7593,96,4,,0,70,,7587,96,4,,0,30,,7580,96,4,,0,75,,7582,96,4,,0,75,,7596,96,4,,0,35,,7595,96,4,,0,75,,7575,96,4,,0,35,,7586,96,4,,0,75,,7589,96,4,,0,35,,7592,96,4,,0,75,,7585,96,4,,0
5301,'9ecf710c-601d-465c-83ad-25c219925bad',724,,7603,96,4,,0,30,,7609,96,4,,0,70,,7611,96,4,,0,30,,7599,96,4,,0,70,,7604,96,4,,0,30,,7606,96,4,,0,70,,7612,96,4,,0,30,,7617,96,4,,0,70,,7600,96,4,,0,30,,7618,96,4,,0,70,,7620,96,4,,0,30,,7610,96,4,,0,70,,7607,96,4,,0,30,,7616,96,4,,0,75,,7605,96,4,,0,75,,7614,96,4,,0,35,,7601,96,4,,0,75,,7602,96,4,,0,35,,7613,96,4,,0,75,,7608,96,4,,0,35,,7619,96,4,,0,75,,7615,96,4,,0
