100,13024,1,0
100,13060,2,0
100,13530,3,0
100,13061,4,0
100,13005,5,0
100,13001,6,0
100,13006,7,0
100,13007,8,0
100,14020,9,0
100,14025,10,0
100,14029,11,0
100,14031,12,0
100,14002,13,0
100,12216,14,0
100,12219,15,0
100,12250,16,0
100,12251,17,0
100,12252,18,0
100,12342,19,0
100,11143,20,0
100,11141,21,0
100,11117,22,0
100,11120,23,0
100,11122,24,0
100,11123,25,0
100,11124,26,0
100,11125,27,0
100,11127,28,0
100,11051,29,0
100,11037,30,0
100,11276,31,0
100,11274,32,0
100,11046,33,0
100,11022,34,0
100,11018,35,0
100,11000,36,1
101,11000,1,0
101,11021,2,0
101,11275,3,0
101,11035,4,0
101,11051,5,0
101,11135,6,0
101,11126,7,0
101,11139,8,0
101,11133,9,0
101,11134,10,0
101,11129,11,0
101,11137,12,0
101,11227,13,0
101,11228,14,0
101,11140,15,0
101,11142,16,0
101,11144,17,0
101,12042,18,0
101,12043,19,0
101,12044,20,0
101,14010,21,0
101,14001,22,0
101,14028,23,0
101,14030,24,0
101,14032,25,0
101,14036,26,0
101,13061,27,0
101,13005,28,0
101,13001,29,0
101,13006,30,0
101,13007,31,0
101,13008,32,0
101,13009,33,0
101,13021,34,0
101,13022,35,0
101,13024,36,1
200,12119,1,0
200,12120,2,0
200,12129,3,0
200,12130,4,0
200,12107,5,0
200,12105,6,0
200,12103,7,0
200,12110,8,0
200,12108,9,0
200,12109,10,0
200,12192,11,0
200,12152,12,0
200,12194,13,0
200,12168,14,0
200,12166,15,0
200,12165,16,0
200,12056,17,0
200,12054,18,0
200,12052,19,0
200,12050,20,0
200,12147,21,0
200,12143,22,0
200,12117,23,0
200,12178,24,0
200,14001,25,0
200,14028,26,0
200,14030,27,0
200,14032,28,0
200,14036,29,0
200,13061,30,0
200,13005,31,0
200,13001,32,0
200,13006,33,0
200,13500,34,0
200,13501,35,0
200,13502,36,0
200,13503,37,0
200,13504,38,0
200,13505,39,0
200,13508,40,0
200,13509,41,1
201,13509,1,0
201,13533,2,0
201,13517,3,0
201,13532,4,0
201,13359,5,0
201,13005,6,0
201,13001,7,0
201,13006,8,0
201,13007,9,0
201,14020,10,0
201,14025,11,0
201,14029,12,0
201,14031,13,0
201,14002,14,0
201,12179,15,0
201,12176,16,0
201,12188,17,0
201,12173,18,0
201,12174,19,0
201,12047,20,0
201,12048,21,0
201,12049,22,0
201,12051,23,0
201,12055,24,0
201,12164,25,0
201,12167,26,0
201,12346,27,0
201,12347,28,0
201,12183,29,0
201,12184,30,0
201,12185,31,0
201,12186,32,0
201,12321,33,0
201,12104,34,0
201,12131,35,0
201,12323,36,0
201,12126,37,0
201,12127,38,0
201,12300,39,0
201,12301,40,0
201,12302,41,0
201,12119,42,1
300,11000,1,0
300,11021,2,0
300,11045,3,0
300,11147,4,0
300,11067,5,0
300,11149,6,0
300,11151,7,0
300,11153,8,0
300,11155,9,0
300,11278,10,0
300,11157,11,0
300,11158,12,0
300,12028,13,0
300,12029,14,0
300,12030,15,0
300,12207,16,0
300,12061,17,0
300,12059,18,0
300,12056,19,0
300,12165,20,0
300,12070,21,0
300,12072,22,0
300,12209,23,0
300,12210,24,0
300,12212,25,0
300,12213,26,0
300,12217,27,0
300,12323,28,0
300,12126,29,0
300,12127,30,0
300,12300,31,0
300,12301,32,0
300,12302,33,0
300,12119,34,1
301,12119,1,0
301,12120,2,0
301,12199,3,0
301,12200,4,0
301,12201,5,0
301,12202,6,0
301,12159,7,0
301,12071,8,0
301,12164,9,0
301,12055,10,0
301,12058,11,0
301,12204,12,0
301,12328,13,0
301,12205,14,0
301,12206,15,0
301,12329,16,0
301,11280,17,0
301,11251,18,0
301,11156,19,0
301,11154,20,0
301,11168,21,0
301,11150,22,0
301,11068,23,0
301,11148,24,0
301,11274,25,0
301,11046,26,0
301,11022,27,0
301,11018,28,0
301,11000,29,1
400,13307,1,0
400,13334,2,0
400,13315,3,0
400,13317,4,0
400,13319,5,0
400,13321,6,0
400,13301,7,0
400,13313,8,0
400,14019,9,0
400,14027,10,0
400,14001,11,0
400,14024,12,0
400,12334,13,0
400,12335,14,0
400,12336,15,0
400,12316,16,0
400,12317,17,0
400,12318,18,0
400,12020,19,0
400,12019,20,0
400,12018,21,0
400,12309,22,0
400,12310,23,0
400,12308,24,0
400,12311,25,0
400,12333,26,1
401,12333,1,0
401,12086,2,0
401,12084,3,0
401,12082,4,0
401,12080,5,0
401,12078,6,0
401,12075,7,0
401,12312,8,0
401,12331,9,0
401,12014,10,0
401,12013,11,0
401,12012,12,0
401,12011,13,0
401,12010,14,0
401,12009,15,0
401,12314,16,0
401,12315,17,0
401,12031,18,0
401,12032,19,0
401,12034,20,0
401,12035,21,0
401,12036,22,0
401,12037,23,0
401,14000,24,0
401,14017,25,0
401,14018,26,0
401,13300,27,0
401,13312,28,0
401,13314,29,0
401,13316,30,0
401,13318,31,0
401,13307,32,1
5100,13000,1,0
5100,13006,2,0
5100,13046,3,0
5100,13047,4,0
5100,13048,5,0
5100,13049,6,0
5100,13041,7,0
5100,13351,8,0
5100,13352,9,0
5100,13353,10,0
5100,13354,11,0
5100,13355,12,0
5100,13356,13,0
5100,13528,14,0
5100,13526,15,0
5100,13525,16,0
5100,13529,17,0
5100,13520,18,0
5100,13024,19,1
5101,13024,1,0
5101,13060,2,0
5101,13522,3,0
5101,13523,4,0
5101,13524,5,0
5101,13527,6,0
5101,13034,7,0
5101,13035,8,0
5101,13036,9,0
5101,13037,10,0
5101,13038,11,0
5101,13039,12,0
5101,13040,13,0
5101,13091,14,0
5101,13042,15,0
5101,13043,16,0
5101,13044,17,0
5101,13061,18,0
5101,13005,19,0
5101,13000,20,1
5200,13509,1,0
5200,13504,2,0
5200,13505,3,0
5200,13506,4,0
5200,13335,5,0
5200,13336,6,0
5200,13337,7,0
5200,13082,8,0
5200,13338,9,0
5200,13339,10,0
5200,13340,11,0
5200,13341,12,0
5200,13342,13,0
5200,13343,14,0
5200,13344,15,0
5200,13345,16,0
5200,13042,17,0
5200,13043,18,0
5200,13044,19,0
5200,13061,20,0
5200,13005,21,0
5200,13000,22,1
5201,13000,1,0
5201,13006,2,0
5201,13046,3,0
5201,13047,4,0
5201,13048,5,0
5201,13049,6,0
5201,13063,7,0
5201,13064,8,0
5201,13065,9,0
5201,13066,10,0
5201,13067,11,0
5201,13068,12,0
5201,13069,13,0
5201,13070,14,0
5201,13346,15,0
5201,13347,16,0
5201,13348,17,0
5201,13349,18,0
5201,13350,19,0
5201,13508,20,0
5201,13509,21,1
5300,13001,1,0
5300,13006,2,0
5300,13320,3,0
5300,13322,4,0
5300,13323,5,0
5300,13324,6,0
5300,13325,7,0
5300,13326,8,0
5300,13327,9,0
5300,13328,10,0
5300,13329,11,0
5300,13314,12,0
5300,13316,13,0
5300,13318,14,0
5300,13307,15,1
5301,13307,1,0
5301,13334,2,0
5301,13315,3,0
5301,13317,4,0
5301,13319,5,0
5301,13330,6,0
5301,13331,7,0
5301,13332,8,0
5301,13333,9,0
5301,13083,10,0
5301,13085,11,0
5301,13086,12,0
5301,13087,13,0
5301,13088,14,0
5301,13359,15,0
5301,13005,16,0
5301,13001,17,1
6200,12215,1,0
6200,12107,2,0
6200,12105,3,0
6200,12103,4,0
6200,12135,5,0
6200,12136,6,0
6200,12140,7,0
6200,12142,8,0
6200,12160,9,0
6200,12161,10,0
6200,12164,11,0
6200,12167,12,0
6200,12189,13,0
6200,12190,14,0
6200,12191,15,0
6200,12193,16,0
6200,12021,17,0
6200,12041,18,0
6200,12039,19,0
6200,14035,20,0
6200,14001,21,1
6201,14001,1,0
6201,12038,2,0
6201,12022,3,0
6201,12045,4,0
6201,12195,5,0
6201,12196,6,0
6201,12197,7,0
6201,12168,8,0
6201,12166,9,0
6201,12165,10,0
6201,12162,11,0
6201,12163,12,0
6201,12319,13,0
6201,12320,14,0
6201,12138,15,0
6201,12137,16,0
6201,12186,17,0
6201,12321,18,0
6201,12104,19,0
6201,12215,20,1
1006000,14000,1,0
1006000,14017,2,0
1006000,14018,3,0
1006000,14020,4,0
1006000,14025,5,0
1006000,14026,6,0
1006000,14034,7,0
1006000,14006,8,0
1006000,11108,9,0
1006000,11110,10,0
1006000,11262,11,0
1006000,11261,12,0
1006000,11121,13,0
1006000,11119,14,0
1006000,11115,15,0
1006000,11113,16,0
1006000,11111,17,0
1006000,11051,18,0
1006000,11277,19,0
1006000,11007,20,0
1006000,11002,21,0
1006000,11003,22,0
1006000,11004,23,0
1006000,11005,24,0
1006000,11043,25,0
1006000,11011,26,0
1006000,11012,27,0
1006000,11013,28,0
1006000,11254,29,0
1006000,11255,30,0
1006000,11256,31,0
1006000,11257,32,0
1006000,11258,33,0
1006000,11259,34,0
1006000,11016,35,0
1006000,11017,36,0
1006000,11018,37,0
1006000,11000,38,1
1006001,11000,1,0
1006001,11021,2,0
1006001,11022,3,0
1006001,11019,4,0
1006001,11027,5,0
1006001,11030,6,0
1006001,11032,7,0
1006001,11033,8,0
1006001,11159,9,0
1006001,11038,10,0
1006001,11040,11,0
1006001,11041,12,0
1006001,11034,13,0
1006001,11042,14,0
1006001,11008,15,0
1006001,11009,16,0
1006001,11010,17,0
1006001,11014,18,0
1006001,11015,19,0
1006001,11051,20,0
1006001,11112,21,0
1006001,11114,22,0
1006001,11116,23,0
1006001,11118,24,0
1006001,11281,25,0
1006001,11253,26,0
1006001,11260,27,0
1006001,11109,28,0
1006001,14003,29,0
1006001,14005,30,0
1006001,14033,31,0
1006001,14032,32,0
1006001,14019,33,0
1006001,14027,34,0
1006001,14000,35,1
1006100,11000,1,0
1006100,11021,2,0
1006100,11132,3,0
1006100,11136,4,0
1006100,11138,5,0
1006100,11146,6,0
1006100,11175,7,0
1006100,11176,8,0
1006100,11177,9,0
1006100,11179,10,0
1006100,11218,11,0
1006100,11047,12,0
1006100,11049,13,0
1006100,11050,14,0
1006100,11140,15,0
1006100,11142,16,0
1006100,11190,17,0
1006100,11191,18,0
1006100,11193,19,0
1006100,14009,20,0
1006100,14010,21,0
1006100,14035,22,0
1006100,14001,23,1
1006101,14001,1,0
1006101,12219,2,0
1006101,12218,3,0
1006101,11192,4,0
1006101,11230,5,0
1006101,11229,6,0
1006101,11141,7,0
1006101,11279,8,0
1006101,11250,9,0
1006101,11181,10,0
1006101,11180,11,0
1006101,11194,12,0
1006101,11169,13,0
1006101,11170,14,0
1006101,11094,15,0
1006101,11095,16,0
1006101,11097,17,0
1006101,11161,18,0
1006101,11130,19,0
1006101,11022,20,0
1006101,11018,21,0
1006101,11000,22,1
2006000,14000,1,0
2006000,14017,2,0
2006000,14018,3,0
2006000,14020,4,0
2006000,14025,5,0
2006000,14026,6,0
2006000,14034,7,0
2006000,14006,8,0
2006000,11108,9,0
2006000,11110,10,0
2006000,11262,11,0
2006000,11261,12,0
2006000,11099,13,0
2006000,11237,14,0
2006000,11239,15,0
2006000,11241,16,0
2006000,11243,17,0
2006000,11168,18,0
2006000,11150,19,0
2006000,11071,20,0
2006000,11223,21,0
2006000,11074,22,0
2006000,11075,23,0
2006000,11064,24,0
2006000,11066,25,0
2006000,11056,26,0
2006000,11058,27,0
2006000,11130,28,0
2006000,11022,29,0
2006000,11018,30,0
2006000,11000,31,1
2006001,11000,1,0
2006001,11021,2,0
2006001,11132,3,0
2006001,11055,4,0
2006001,11057,5,0
2006001,11070,6,0
2006001,11065,7,0
2006001,11128,8,0
2006001,11076,9,0
2006001,11073,10,0
2006001,11072,11,0
2006001,11151,12,0
2006001,11238,13,0
2006001,11240,14,0
2006001,11242,15,0
2006001,11246,16,0
2006001,11098,17,0
2006001,11253,18,0
2006001,11260,19,0
2006001,11109,20,0
2006001,14003,21,0
2006001,14005,22,0
2006001,14033,23,0
2006001,14032,24,0
2006001,14019,25,0
2006001,14027,26,0
2006001,14000,27,1
2006100,11000,1,0
2006100,11231,2,0
2006100,11232,3,0
2006100,11268,4,0
2006100,11269,5,0
2006100,11270,6,0
2006100,11271,7,0
2006100,11199,8,0
2006100,11195,9,0
2006100,11176,10,0
2006100,11177,11,0
2006100,11179,12,0
2006100,11218,13,0
2006100,11047,14,0
2006100,11049,15,0
2006100,11050,16,0
2006100,11140,17,0
2006100,11142,18,0
2006100,11190,19,0
2006100,11191,20,0
2006100,11193,21,0
2006100,14009,22,0
2006100,14010,23,0
2006100,14035,24,0
2006100,14001,25,1
2006101,14001,1,0
2006101,12219,2,0
2006101,12218,3,0
2006101,11192,4,0
2006101,11230,5,0
2006101,11229,6,0
2006101,11141,7,0
2006101,11279,8,0
2006101,11250,9,0
2006101,11181,10,0
2006101,11180,11,0
2006101,11194,12,0
2006101,11198,13,0
2006101,11200,14,0
2006101,11201,15,0
2006101,11213,16,0
2006101,11220,17,0
2006101,11221,18,0
2006101,11222,19,0
2006101,11224,20,0
2006101,11226,21,0
2006101,11000,22,1
3006000,11051,1,0
3006000,11112,2,0
3006000,11114,3,0
3006000,11116,4,0
3006000,11118,5,0
3006000,11281,6,0
3006000,11253,7,0
3006000,11260,8,0
3006000,11109,9,0
3006000,14003,10,0
3006000,14005,11,0
3006000,14033,12,0
3006000,14032,13,0
3006000,14019,14,0
3006000,14027,15,0
3006000,14000,16,1
3006001,14000,1,0
3006001,14017,2,0
3006001,14018,3,0
3006001,14020,4,0
3006001,14025,5,0
3006001,14026,6,0
3006001,14034,7,0
3006001,14006,8,0
3006001,11108,9,0
3006001,11110,10,0
3006001,11262,11,0
3006001,11261,12,0
3006001,11121,13,0
3006001,11119,14,0
3006001,11115,15,0
3006001,11113,16,0
3006001,11111,17,0
3006001,11051,18,1
