101,'8121286b-fd49-4716-b922-42f8d7dc989c',807,,3393,63,,,0,33,,3383,63,,,0,73,,3387,63,,,0,33,,3395,63,,,0,73,,3392,63,,,0,33,,3400,63,,,0,73,,3380,63,,,0,33,,3396,63,,,0,73,,3397,63,,,0,73,,3385,63,,,0,33,,3389,63,,,0,73,,3390,63,,,0,33,,3391,63,,,0,73,,3381,63,,,0,33,,3384,63,,,0,73,,3401,63,,,0,33,,3386,63,,,0,73,,3399,63,,,0,73,,3382,63,,,0,33,,3398,63,,,0
101,'b3648ede-5954-434f-9b9d-d5f08e1e70ad',807,,3411,63,,,0,33,,3408,63,,,0,73,,3402,63,,,0,33,,3421,63,,,0,73,,3414,63,,,0,33,,3422,63,,,0,73,,3415,63,,,0,33,,3403,63,,,0,73,,3410,63,,,0,73,,3418,63,,,0,33,,3420,63,,,0,73,,3412,63,,,0,33,,3404,63,,,0,73,,3407,63,,,0,33,,3405,63,,,0,73,,3416,63,,,0,33,,3409,63,,,0,73,,3423,63,,,0,73,,3413,63,,,0,33,,3419,63,,,0
101,'c48e9871-c7da-4ae0-bf7c-b3496ea4ba29',701,,3426,63,,,0,33,,3433,63,,,0,73,,3435,63,,,0,33,,3446,63,,,0,73,,3437,63,,,0,33,,3443,63,,,0,73,,3449,63,,,0,33,,3438,63,,,0,73,,3434,63,,,0,33,,3453,63,,,0,73,,3427,63,,,0,73,,3424,63,,,0,33,,3444,63,,,0,73,,3454,63,,,0,33,,3456,63,,,0,73,,3425,63,,,0,33,,3436,63,,,0,73,,3440,63,,,0,33,,3429,63,,,0,73,,3430,63,,,0,73,,3448,63,,,0,33,,3445,63,,,0,73,,3451,63,,,0,33,,3442,63,,,0,73,,3439,63,,,0,33,,3457,63,,,0,73,,3447,63,,,0,33,,3432,63,,,0,73,,3441,63,,,0,30,,3431,63,,,0,70,,3455,63,,,0
101,'d7cebbf2-c439-48e5-af23-2183cbefe818',559,,3469,63,,,0,69,,3458,63,,,0,73,,3478,63,,,0,33,,3488,63,,,0,73,,3472,63,,,0,33,,3484,63,,,0,73,,3483,63,,,0,33,,3474,63,,,0,73,,3468,63,,,0,33,,3470,63,,,0,73,,3482,63,,,0,33,,3477,63,,,0,73,,3485,63,,,0,73,,3466,63,,,0,33,,3465,63,,,0,73,,3463,63,,,0,33,,3475,63,,,0,73,,3459,63,,,0,33,,3489,63,,,0,73,,3467,63,,,0,33,,3491,63,,,0,73,,3461,63,,,0,73,,3479,63,,,0,33,,3481,63,,,0,73,,3471,63,,,0,33,,3487,63,,,0,73,,3480,63,,,0,33,,3473,63,,,0,73,,3486,63,,,0,33,,3460,63,,,0,73,,3490,63,,,0,30,,3464,63,,,0,70,,3476,63,,,0
201,'8121286b-fd49-4716-b922-42f8d7dc989c',824,,3611,88,,,0,33,,3617,88,,,0,73,,3622,88,,,0,73,,3609,88,,,0,33,,3608,88,,,0,73,,3612,88,,,0,33,,3615,88,,,0,73,,3605,88,,,0,33,,3618,88,,,0,73,,3610,88,,,0,33,,3614,88,,,0,73,,3624,88,,,0,73,,3621,88,,,0,33,,3619,88,,,0,73,,3607,88,,,0,33,,3616,88,,,0,73,,3606,88,,,0,33,,3613,88,,,0,73,,3620,88,,,0,33,,3623,88,,,0
201,'b3648ede-5954-434f-9b9d-d5f08e1e70ad',824,,3631,88,,,0,33,,3645,88,,,0,73,,3635,88,,,0,73,,3633,88,,,0,33,,3627,88,,,0,73,,3634,88,,,0,33,,3640,88,,,0,73,,3632,88,,,0,33,,3646,88,,,0,73,,3630,88,,,0,33,,3642,88,,,0,73,,3638,88,,,0,73,,3637,88,,,0,33,,3639,88,,,0,73,,3629,88,,,0,33,,3626,88,,,0,73,,3643,88,,,0,33,,3625,88,,,0,73,,3644,88,,,0,33,,3641,88,,,0
201,'c48e9871-c7da-4ae0-bf7c-b3496ea4ba29',718,,3663,88,,,0,33,,3649,88,,,0,73,,3660,88,,,0,33,,3666,88,,,0,73,,3652,88,,,0,73,,3667,88,,,0,33,,3677,88,,,0,73,,3650,88,,,0,33,,3647,88,,,0,73,,3675,88,,,0,33,,3661,88,,,0,73,,3672,88,,,0,33,,3653,88,,,0,73,,3670,88,,,0,73,,3658,88,,,0,33,,3655,88,,,0,73,,3662,88,,,0,33,,3671,88,,,0,73,,3678,88,,,0,33,,3651,88,,,0,73,,3674,88,,,0,33,,3676,88,,,0,73,,3654,88,,,0,33,,3673,88,,,0,73,,3657,88,,,0,73,,3669,88,,,0,33,,3668,88,,,0,73,,3659,88,,,0,30,,3656,88,,,0,70,,3665,88,,,0,32,,3664,88,,,0
201,'d7cebbf2-c439-48e5-af23-2183cbefe818',612,,3695,88,,,0,33,,3682,88,,,0,73,,3710,88,,,0,33,,3679,88,,,0,73,,3684,88,,,0,33,,3686,88,,,0,73,,3702,88,,,0,73,,3706,88,,,0,33,,3713,88,,,0,73,,3705,88,,,0,33,,3689,88,,,0,73,,3692,88,,,0,33,,3700,88,,,0,73,,3696,88,,,0,33,,3699,88,,,0,73,,3703,88,,,0,73,,3712,88,,,0,33,,3698,88,,,0,73,,3697,88,,,0,33,,3688,88,,,0,73,,3707,88,,,0,33,,3685,88,,,0,73,,3709,88,,,0,33,,3708,88,,,0,73,,3691,88,,,0,33,,3681,88,,,0,73,,3693,88,,,0,73,,3680,88,,,0,33,,3683,88,,,0,73,,3690,88,,,0,30,,3687,88,,,0,70,,3704,88,,,0,32,,3701,88,,,0
1006000,'d7cebbf2-c439-48e5-af23-2183cbefe818',708,,4433,188,,,0,95,,4435,188,,,0,100,,4443,188,,,0,100,,4438,188,,,0,100,,4434,188,,,0,100,,4440,188,,,0,100,,4439,188,,,0,100,,4442,188,,,0,100,,4441,188,,,0,100,,4437,188,,,0,100,,4432,188,,,0,100,,4444,188,,,0,100,,4436,187,,,0
2006000,'d7cebbf2-c439-48e5-af23-2183cbefe818',639,,4504,87,,,0,94,,4505,87,,,0,100,,4498,87,,,0,100,,4499,87,,,0,100,,4503,87,,,0,100,,4502,87,,,0,100,,4497,87,,,0,100,,4494,87,,,0,100,,4495,87,,,0,100,,4493,87,,,0,100,,4496,87,,,0,100,,4501,87,,,0,100,,4500,86,,,0
3006000,'8121286b-fd49-4716-b922-42f8d7dc989c',814,,4559,69,,,0,41,,4563,69,,,0,85,,4553,69,,,0,85,,4555,69,,,0,85,,4556,69,,,0,45,,4561,69,,,0,85,,4557,69,,,0,85,,4554,69,,,0,85,,4558,69,,,0,45,,4566,69,,,0,85,,4567,69,,,0,85,,4565,69,,,0,85,,4560,69,,,0,45,,4564,69,,,0,85,,4562,72,,,0
3006000,'b3648ede-5954-434f-9b9d-d5f08e1e70ad',814,,4575,69,,,0,41,,4580,69,,,0,85,,4579,69,,,0,85,,4569,69,,,0,85,,4577,69,,,0,45,,4574,69,,,0,85,,4581,69,,,0,85,,4573,69,,,0,85,,4572,69,,,0,45,,4576,69,,,0,85,,4570,69,,,0,85,,4568,69,,,0,85,,4571,69,,,0,45,,4582,69,,,0,85,,4578,72,,,0
3006000,'c48e9871-c7da-4ae0-bf7c-b3496ea4ba29',714,,4598,69,,,0,41,,4594,69,,,0,85,,4593,69,,,0,85,,4584,69,,,0,85,,4599,69,,,0,45,,4589,69,,,0,85,,4595,69,,,0,85,,4603,69,,,0,85,,4591,69,,,0,45,,4585,69,,,0,85,,4586,69,,,0,85,,4600,69,,,0,85,,4596,69,,,0,45,,4588,69,,,0,85,,4604,69,,,0,85,,4592,69,,,0,85,,4605,69,,,0,45,,4602,69,,,0,85,,4587,69,,,0,85,,4601,69,,,0,85,,4583,69,,,0,45,,4590,69,,,0,85,,4597,72,,,0
3006000,'d7cebbf2-c439-48e5-af23-2183cbefe818',1955,,4609,69,,,0,85,,4607,69,,,0,85,,4610,69,,,0,85,,4611,69,,,0,45,,4608,69,,,0,85,,4606,72,,,0
