100,'1fe0d92c-9044-4814-8d20-55198bafd146',632,,6309,163,,,0,68,,6302,163,,,0,29,,6334,163,,,0,73,,6324,163,,,0,33,,6327,163,,,0,73,,6314,163,,,0,33,,6303,163,,,0,73,,6329,163,,,0,33,,6307,163,,,0,73,,6335,163,,,0,33,,6312,163,,,0,73,,6315,163,,,0,33,,6333,163,,,0,73,,6311,163,,,0,77,,6328,163,,,0,35,,6320,163,,,0,75,,6308,163,,,0,35,,6323,163,,,0,75,,6313,163,,,0,75,,6301,163,,,0,35,,6325,163,,,0,75,,6321,163,,,0,31,,6330,163,,,0,73,,6331,163,,,0,33,,6318,163,,,0,73,,6306,163,,,0,33,,6319,163,,,0,73,,6316,163,,,0,73,,6305,163,,,0,33,,6332,163,,,0,70,,6322,163,,,0,15,,6304,163,,,0,30,,6310,172,,,0
100,'9ecf710c-601d-465c-83ad-25c219925bad',726,,6349,163,,,0,76,,6345,163,,,0,33,,6348,163,,,0,73,,6340,163,,,0,33,,6363,163,,,0,73,,6358,163,,,0,33,,6341,163,,,0,73,,6336,163,,,0,33,,6351,163,,,0,73,,6362,163,,,0,33,,6368,163,,,0,73,,6355,163,,,0,77,,6357,163,,,0,35,,6367,163,,,0,75,,6347,163,,,0,35,,6338,163,,,0,75,,6353,163,,,0,75,,6344,163,,,0,35,,6346,163,,,0,75,,6350,163,,,0,31,,6352,163,,,0,73,,6356,163,,,0,33,,6366,163,,,0,73,,6343,163,,,0,33,,6361,163,,,0,73,,6342,163,,,0,73,,6364,163,,,0,33,,6360,163,,,0,70,,6339,163,,,0,15,,6337,163,,,0,30,,6365,172,,,0
100,'bcaf19fe-11ef-4115-afbb-ac9c5f562f28',835,,6383,163,,,0,73,,6384,163,,,0,33,,6369,163,,,0,73,,6382,163,,,0,33,,6388,163,,,0,73,,6371,163,,,0,33,,6387,163,,,0,73,,6377,163,,,0,33,,6380,163,,,0,73,,6374,163,,,0,73,,6372,163,,,0,33,,6385,163,,,0,73,,6373,163,,,0,33,,6370,163,,,0,73,,6376,163,,,0,33,,6391,163,,,0,73,,6378,163,,,0,33,,6389,163,,,0,73,,6375,163,,,0,73,,6379,172,,,0
100,'bf660328-88ad-42b5-9a19-68afdd8f4a47',835,,6399,163,,,0,73,,6401,163,,,0,33,,6406,163,,,0,73,,6393,163,,,0,33,,6396,163,,,0,73,,6410,163,,,0,33,,6395,163,,,0,73,,6405,163,,,0,33,,6411,163,,,0,73,,6403,163,,,0,73,,6404,163,,,0,33,,6392,163,,,0,73,,6397,163,,,0,33,,6398,163,,,0,73,,6412,163,,,0,33,,6409,163,,,0,73,,6402,163,,,0,33,,6400,163,,,0,73,,6407,163,,,0,73,,6408,172,,,0
100,'ed28f9c7-46cd-41bf-a6ca-237f78214646',835,,6430,163,,,0,73,,6419,163,,,0,33,,6414,163,,,0,73,,6433,163,,,0,33,,6425,163,,,0,73,,6418,163,,,0,33,,6423,163,,,0,73,,6421,163,,,0,33,,6429,163,,,0,73,,6428,163,,,0,73,,6424,163,,,0,33,,6422,163,,,0,73,,6426,163,,,0,33,,6417,163,,,0,73,,6432,163,,,0,33,,6413,163,,,0,73,,6434,163,,,0,33,,6427,163,,,0,73,,6435,163,,,0,73,,6420,172,,,0
3006001,'1fe0d92c-9044-4814-8d20-55198bafd146',1934,,7867,92,,,0,85,,7864,92,,,0,85,,7868,92,,,0,45,,7865,92,,,0,85,,7869,92,,,0,85,,7866,92,,,0
3006001,'9ecf710c-601d-465c-83ad-25c219925bad',734,,7883,92,,,0,85,,7871,92,,,0,85,,7890,92,,,0,45,,7885,92,,,0,85,,7887,92,,,0,85,,7879,92,,,0,85,,7882,92,,,0,45,,7886,92,,,0,85,,7875,92,,,0,85,,7881,92,,,0,85,,7876,92,,,0,45,,7880,92,,,0,85,,7874,92,,,0,85,,7891,92,,,0,85,,7877,92,,,0,45,,7888,92,,,0,85,,7872,92,,,0,85,,7873,92,,,0,85,,7889,92,,,0,45,,7884,92,,,0,85,,7870,92,,,0,85,,7878,92,,,0
3006001,'bcaf19fe-11ef-4115-afbb-ac9c5f562f28',834,,7896,92,,,0,85,,7903,92,,,0,85,,7900,92,,,0,45,,7905,92,,,0,85,,7894,92,,,0,85,,7902,92,,,0,85,,7893,92,,,0,45,,7897,92,,,0,85,,7892,92,,,0,85,,7895,92,,,0,85,,7901,92,,,0,45,,7899,92,,,0,85,,7898,92,,,0,85,,7904,92,,,0
3006001,'bf660328-88ad-42b5-9a19-68afdd8f4a47',834,,7917,92,,,0,85,,7916,92,,,0,85,,7911,92,,,0,45,,7906,92,,,0,85,,7909,92,,,0,85,,7913,92,,,0,85,,7908,92,,,0,45,,7915,92,,,0,85,,7919,92,,,0,85,,7907,92,,,0,85,,7910,92,,,0,45,,7912,92,,,0,85,,7918,92,,,0,85,,7914,92,,,0
3006001,'ed28f9c7-46cd-41bf-a6ca-237f78214646',834,,7925,92,,,0,85,,7933,92,,,0,85,,7923,92,,,0,45,,7921,92,,,0,85,,7929,92,,,0,85,,7926,92,,,0,85,,7927,92,,,0,45,,7931,92,,,0,85,,7930,92,,,0,85,,7928,92,,,0,85,,7922,92,,,0,45,,7920,92,,,0,85,,7924,92,,,0,85,,7932,92,,,0
