401,'1fe0d92c-9044-4814-8d20-55198bafd146',634,,7247,76,,,0,71,,7256,76,,,0,34,,7269,76,,,0,72,,7263,76,,,0,33,,7245,76,,,0,73,,7241,76,,,0,33,,7261,76,,,0,73,,7255,76,,,0,33,,7249,76,,,0,73,,7268,76,,,0,73,,7259,76,,,0,33,,7262,76,,,0,73,,7246,76,,,0,35,,7264,76,,,0,78,,7266,76,,,0,35,,7250,76,,,0,75,,7270,76,,,0,75,,7243,76,,,0,35,,7267,76,,,0,75,,7251,76,,,0,34,,7242,76,,,0,75,,7244,76,,,0,32,,7260,76,,,0,72,,7254,76,,,0,74,,7248,76,,,0,33,,7273,76,,,0,73,,7265,76,,,0,33,,7272,76,,,0,73,,7257,76,,,0,29,,7258,76,,,0,67,,7252,76,,,0,25,,7253,76,,,0,19,,7271,76,,,0
401,'9ecf710c-601d-465c-83ad-25c219925bad',705,,7282,76,,,0,34,,7297,76,,,0,72,,7295,76,,,0,33,,7294,76,,,0,73,,7274,76,,,0,33,,7287,76,,,0,73,,7275,76,,,0,33,,7293,76,,,0,73,,7292,76,,,0,73,,7305,76,,,0,33,,7278,76,,,0,73,,7296,76,,,0,35,,7280,76,,,0,78,,7285,76,,,0,35,,7284,76,,,0,75,,7290,76,,,0,75,,7288,76,,,0,35,,7277,76,,,0,75,,7303,76,,,0,34,,7291,76,,,0,75,,7299,76,,,0,32,,7276,76,,,0,72,,7289,76,,,0,74,,7306,76,,,0,33,,7298,76,,,0,73,,7301,76,,,0,33,,7304,76,,,0,73,,7300,76,,,0,29,,7286,76,,,0,67,,7283,76,,,0,25,,7281,76,,,0,19,,7279,76,,,0
401,'bcaf19fe-11ef-4115-afbb-ac9c5f562f28',811,,7326,76,,,0,33,,7323,76,,,0,73,,7329,76,,,0,33,,7308,76,,,0,73,,7330,76,,,0,33,,7313,76,,,0,73,,7325,76,,,0,73,,7328,76,,,0,33,,7311,76,,,0,73,,7315,76,,,0,33,,7327,76,,,0,73,,7335,76,,,0,33,,7331,76,,,0,73,,7319,76,,,0,33,,7318,76,,,0,73,,7309,76,,,0,33,,7321,76,,,0,73,,7317,76,,,0,73,,7334,76,,,0,33,,7307,76,,,0,73,,7324,76,,,0,28,,7332,76,,,0,70,,7320,76,,,0,33,,7322,76,,,0,73,,7314,76,,,0,33,,7310,76,,,0,106,,7316,76,,,0
401,'bf660328-88ad-42b5-9a19-68afdd8f4a47',811,,7337,76,,,0,33,,7357,76,,,0,73,,7336,76,,,0,33,,7338,76,,,0,73,,7352,76,,,0,33,,7346,76,,,0,73,,7344,76,,,0,73,,7339,76,,,0,33,,7341,76,,,0,73,,7350,76,,,0,33,,7345,76,,,0,73,,7356,76,,,0,33,,7342,76,,,0,73,,7351,76,,,0,33,,7347,76,,,0,73,,7340,76,,,0,33,,7349,76,,,0,73,,7343,76,,,0,73,,7354,76,,,0,33,,7355,76,,,0
401,'ed28f9c7-46cd-41bf-a6ca-237f78214646',811,,7363,76,,,0,33,,7370,76,,,0,73,,7369,76,,,0,33,,7360,76,,,0,73,,7377,76,,,0,33,,7373,76,,,0,73,,7367,76,,,0,73,,7362,76,,,0,33,,7375,76,,,0,73,,7368,76,,,0,33,,7359,76,,,0,73,,7379,76,,,0,33,,7361,76,,,0,73,,7366,76,,,0,33,,7371,76,,,0,73,,7372,76,,,0,33,,7365,76,,,0,73,,7358,76,,,0,73,,7374,76,,,0,33,,7364,76,,,0
1006001,'1fe0d92c-9044-4814-8d20-55198bafd146',645,,7693,1,,,0,100,,7690,1,,,0,105,,7691,1,,,0,100,,7694,1,,,0,100,,7683,1,,,0,100,,7684,1,,,0,100,,7686,1,,,0,100,,7692,1,,,0,105,,7689,1,,,0,100,,7687,1,,,0,100,,7688,1,,,0,100,,7682,1,,,0
2006001,'1fe0d92c-9044-4814-8d20-55198bafd146',715,,7752,1,,,0,100,,7751,1,,,0,105,,7748,1,,,0,100,,7743,1,,,0,100,,7755,1,,,0,100,,7744,1,,,0,100,,7747,1,,,0,100,,7753,1,,,0,105,,7750,1,,,0,100,,7745,1,,,0,100,,7746,1,,,0,100,,7749,1,,,0
3006001,'1fe0d92c-9044-4814-8d20-55198bafd146',1920,,7867,3,,,0,85,,7864,3,,,0,45,,7868,3,,,0,85,,7865,3,,,0,85,,7869,3,,,0,85,,7866,3,,,0
3006001,'9ecf710c-601d-465c-83ad-25c219925bad',720,,7883,3,,,0,85,,7871,3,,,0,45,,7890,3,,,0,85,,7885,3,,,0,85,,7887,3,,,0,85,,7879,3,,,0,45,,7882,3,,,0,85,,7886,3,,,0,85,,7875,3,,,0,85,,7881,3,,,0,45,,7876,3,,,0,85,,7880,3,,,0,85,,7874,3,,,0,85,,7891,3,,,0,45,,7877,3,,,0,85,,7888,3,,,0,85,,7872,3,,,0,85,,7873,3,,,0,45,,7889,3,,,0,85,,7884,3,,,0,85,,7870,3,,,0,85,,7878,3,,,0
3006001,'bcaf19fe-11ef-4115-afbb-ac9c5f562f28',820,,7896,3,,,0,85,,7903,3,,,0,45,,7900,3,,,0,85,,7905,3,,,0,85,,7894,3,,,0,85,,7902,3,,,0,45,,7893,3,,,0,85,,7897,3,,,0,85,,7892,3,,,0,85,,7895,3,,,0,45,,7901,3,,,0,85,,7899,3,,,0,85,,7898,3,,,0,85,,7904,3,,,0
3006001,'bf660328-88ad-42b5-9a19-68afdd8f4a47',820,,7917,3,,,0,85,,7916,3,,,0,45,,7911,3,,,0,85,,7906,3,,,0,85,,7909,3,,,0,85,,7913,3,,,0,45,,7908,3,,,0,85,,7915,3,,,0,85,,7919,3,,,0,85,,7907,3,,,0,45,,7910,3,,,0,85,,7912,3,,,0,85,,7918,3,,,0,85,,7914,3,,,0
3006001,'ed28f9c7-46cd-41bf-a6ca-237f78214646',820,,7925,3,,,0,85,,7933,3,,,0,45,,7923,3,,,0,85,,7921,3,,,0,85,,7929,3,,,0,85,,7926,3,,,0,45,,7927,3,,,0,85,,7931,3,,,0,85,,7930,3,,,0,85,,7928,3,,,0,45,,7922,3,,,0,85,,7920,3,,,0,85,,7924,3,,,0,85,,7932,3,,,0
