100,'8121286b-fd49-4716-b922-42f8d7dc989c',819,,3269,104,,,0,33,,3279,104,,,0,73,,3268,104,,,0,33,,3286,104,,,0,73,,3280,104,,,0,73,,3274,104,,,0,33,,3272,104,,,0,73,,3277,104,,,0,33,,3288,104,,,0,73,,3271,104,,,0,33,,3285,104,,,0,73,,3287,104,,,0,33,,3284,104,,,0,73,,3273,104,,,0,73,,3282,104,,,0,33,,3276,104,,,0,73,,3278,104,,,0,33,,3275,104,,,0,73,,3281,104,,,0,33,,3283,113,,,0,65,,3270,113,,,0
100,'b3648ede-5954-434f-9b9d-d5f08e1e70ad',819,,3291,104,,,0,33,,3296,104,,,0,73,,3305,104,,,0,33,,3303,104,,,0,73,,3308,104,,,0,73,,3300,104,,,0,33,,3294,104,,,0,73,,3311,104,,,0,33,,3297,104,,,0,73,,3309,104,,,0,33,,3307,104,,,0,73,,3298,104,,,0,33,,3302,104,,,0,73,,3292,104,,,0,73,,3293,104,,,0,33,,3310,104,,,0,73,,3304,104,,,0,33,,3299,104,,,0,73,,3290,104,,,0,33,,3301,113,,,0,65,,3289,113,,,0
100,'c48e9871-c7da-4ae0-bf7c-b3496ea4ba29',713,,3338,104,,,0,33,,3325,104,,,0,73,,3342,104,,,0,33,,3344,104,,,0,73,,3333,104,,,0,33,,3330,104,,,0,73,,3323,104,,,0,73,,3334,104,,,0,33,,3320,104,,,0,73,,3328,104,,,0,33,,3329,104,,,0,73,,3317,104,,,0,33,,3337,104,,,0,73,,3312,104,,,0,33,,3324,104,,,0,73,,3327,104,,,0,73,,3315,104,,,0,33,,3341,104,,,0,73,,3331,104,,,0,33,,3335,104,,,0,73,,3326,104,,,0,33,,3319,104,,,0,73,,3314,104,,,0,33,,3313,104,,,0,73,,3343,104,,,0,33,,3339,104,,,0,73,,3322,104,,,0,73,,3340,104,,,0,33,,3316,104,,,0,70,,3318,104,,,0,30,,3332,113,,,0,63,,3336,113,,,0
100,'d7cebbf2-c439-48e5-af23-2183cbefe818',616,,3352,104,,,0,28,,3356,104,,,0,69,,3372,104,,,0,33,,3374,104,,,0,73,,3371,104,,,0,33,,3354,104,,,0,73,,3347,104,,,0,33,,3360,104,,,0,73,,3376,104,,,0,73,,3373,104,,,0,33,,3350,104,,,0,73,,3357,104,,,0,33,,3346,104,,,0,73,,3358,104,,,0,33,,3378,104,,,0,73,,3368,104,,,0,33,,3351,104,,,0,73,,3359,104,,,0,73,,3353,104,,,0,33,,3355,104,,,0,73,,3366,104,,,0,33,,3367,104,,,0,73,,3345,104,,,0,33,,3361,104,,,0,73,,3379,104,,,0,33,,3349,104,,,0,73,,3365,104,,,0,33,,3363,104,,,0,73,,3369,104,,,0,73,,3362,104,,,0,33,,3377,104,,,0,70,,3348,104,,,0,30,,3364,113,,,0,63,,3375,113,,,0
200,'8121286b-fd49-4716-b922-42f8d7dc989c',835,,3511,96,,,0,73,,3493,96,,,0,33,,3503,96,,,0,73,,3495,96,,,0,33,,3504,96,,,0,73,,3501,96,,,0,33,,3505,96,,,0,73,,3509,96,,,0,33,,3500,96,,,0,73,,3499,96,,,0,73,,3502,96,,,0,33,,3507,96,,,0,73,,3492,96,,,0,33,,3496,96,,,0,73,,3498,96,,,0,33,,3510,96,,,0,73,,3506,96,,,0,33,,3513,96,,,0,73,,3494,96,,,0,28,,3512,96,,,0
200,'b3648ede-5954-434f-9b9d-d5f08e1e70ad',835,,3530,96,,,0,73,,3523,96,,,0,33,,3520,96,,,0,73,,3525,96,,,0,33,,3528,96,,,0,73,,3532,96,,,0,33,,3531,96,,,0,73,,3535,96,,,0,33,,3534,96,,,0,73,,3522,96,,,0,73,,3519,96,,,0,33,,3524,96,,,0,73,,3518,96,,,0,33,,3529,96,,,0,73,,3533,96,,,0,33,,3516,96,,,0,73,,3515,96,,,0,33,,3526,96,,,0,73,,3527,96,,,0,28,,3521,96,,,0
200,'c48e9871-c7da-4ae0-bf7c-b3496ea4ba29',729,,3565,96,,,0,73,,3551,96,,,0,33,,3562,96,,,0,73,,3538,96,,,0,33,,3547,96,,,0,73,,3555,96,,,0,33,,3545,96,,,0,73,,3544,96,,,0,33,,3542,96,,,0,73,,3536,96,,,0,33,,3540,96,,,0,73,,3568,96,,,0,73,,3553,96,,,0,33,,3564,96,,,0,73,,3539,96,,,0,33,,3569,96,,,0,73,,3561,96,,,0,33,,3557,96,,,0,73,,3560,96,,,0,33,,3552,96,,,0,73,,3548,96,,,0,73,,3559,96,,,0,33,,3550,96,,,0,73,,3563,96,,,0,33,,3566,96,,,0,73,,3558,96,,,0,33,,3543,96,,,0,73,,3567,96,,,0,33,,3549,96,,,0,70,,3541,96,,,0,23,,3556,96,,,0
200,'d7cebbf2-c439-48e5-af23-2183cbefe818',623,,3580,96,,,0,33,,3599,96,,,0,73,,3596,96,,,0,73,,3571,96,,,0,33,,3603,96,,,0,73,,3572,96,,,0,33,,3604,96,,,0,73,,3570,96,,,0,33,,3581,96,,,0,73,,3602,96,,,0,33,,3589,96,,,0,73,,3578,96,,,0,33,,3575,96,,,0,73,,3579,96,,,0,73,,3600,96,,,0,33,,3587,96,,,0,73,,3573,96,,,0,33,,3594,96,,,0,73,,3595,96,,,0,33,,3582,96,,,0,73,,3593,96,,,0,33,,3574,96,,,0,73,,3598,96,,,0,73,,3601,96,,,0,33,,3592,96,,,0,73,,3597,96,,,0,33,,3590,96,,,0,73,,3591,96,,,0,33,,3585,96,,,0,73,,3576,96,,,0,33,,3583,96,,,0,70,,3577,96,,,0,23,,3586,96,,,0
1006001,'d7cebbf2-c439-48e5-af23-2183cbefe818',646,,4456,4,,,0,100,,4454,4,,,0,100,,4450,4,,,0,100,,4455,4,,,0,100,,4452,4,,,0,100,,4445,4,,,0,100,,4449,4,,,0,100,,4451,4,,,0,100,,4447,4,,,0,100,,4446,4,,,0,100,,4457,4,,,0,100,,4453,4,,,0
2006001,'d7cebbf2-c439-48e5-af23-2183cbefe818',716,,4510,5,,,0,100,,4509,5,,,0,100,,4514,5,,,0,100,,4511,5,,,0,100,,4513,5,,,0,100,,4512,5,,,0,100,,4518,5,,,0,100,,4516,5,,,0,100,,4506,5,,,0,100,,4517,5,,,0,100,,4515,5,,,0,100,,4507,5,,,0
3006001,'8121286b-fd49-4716-b922-42f8d7dc989c',821,,4613,7,,,0,85,,4617,7,,,0,45,,4622,7,,,0,85,,4618,7,,,0,85,,4623,7,,,0,85,,4620,7,,,0,45,,4625,7,,,0,85,,4619,7,,,0,85,,4624,7,,,0,85,,4616,7,,,0,45,,4614,7,,,0,85,,4612,7,,,0,85,,4621,7,,,0,85,,4615,7,,,0
3006001,'b3648ede-5954-434f-9b9d-d5f08e1e70ad',821,,4636,7,,,0,85,,4631,7,,,0,45,,4630,7,,,0,85,,4627,7,,,0,85,,4628,7,,,0,85,,4626,7,,,0,45,,4639,7,,,0,85,,4635,7,,,0,85,,4629,7,,,0,85,,4632,7,,,0,45,,4637,7,,,0,85,,4633,7,,,0,85,,4634,7,,,0,85,,4638,7,,,0
3006001,'c48e9871-c7da-4ae0-bf7c-b3496ea4ba29',721,,4647,7,,,0,85,,4641,7,,,0,45,,4642,7,,,0,85,,4661,7,,,0,85,,4653,7,,,0,85,,4643,7,,,0,45,,4659,7,,,0,85,,4655,7,,,0,85,,4650,7,,,0,85,,4649,7,,,0,45,,4656,7,,,0,85,,4646,7,,,0,85,,4658,7,,,0,85,,4651,7,,,0,45,,4644,7,,,0,85,,4652,7,,,0,85,,4660,7,,,0,85,,4648,7,,,0,45,,4654,7,,,0,85,,4657,7,,,0,85,,4645,7,,,0,85,,4640,7,,,0
3006001,'d7cebbf2-c439-48e5-af23-2183cbefe818',1921,,4667,7,,,0,85,,4666,7,,,0,45,,4663,7,,,0,85,,4665,7,,,0,85,,4662,7,,,0,85,,4664,7,,,0
