200,'1fe0d92c-9044-4814-8d20-55198bafd146',622,,6605,194,,,0,24,,6577,194,,,0,75,,6578,194,,,0,33,,6576,194,,,0,73,,6593,194,,,0,73,,6597,194,,,0,33,,6592,194,,,0,73,,6580,194,,,0,33,,6601,194,,,0,73,,6598,194,,,0,33,,6589,194,,,0,73,,6591,194,,,0,33,,6595,194,,,0,73,,6583,194,,,0,77,,6594,194,,,0,35,,6602,194,,,0,75,,6599,194,,,0,35,,6571,194,,,0,75,,6586,194,,,0,35,,6582,194,,,0,75,,6604,194,,,0,75,,6588,194,,,0,31,,6579,194,,,0,73,,6573,194,,,0,33,,6574,194,,,0,73,,6587,194,,,0,33,,6572,194,,,0,73,,6575,194,,,0,33,,6590,194,,,0,73,,6596,194,,,0,27,,6603,194,,,0,66,,6585,194,,,0,30,,6600,194,,,0
200,'9ecf710c-601d-465c-83ad-25c219925bad',721,,6632,194,,,0,33,,6610,194,,,0,73,,6612,194,,,0,73,,6628,194,,,0,33,,6625,194,,,0,73,,6639,194,,,0,33,,6634,194,,,0,73,,6627,194,,,0,33,,6637,194,,,0,73,,6623,194,,,0,33,,6633,194,,,0,73,,6607,194,,,0,77,,6635,194,,,0,35,,6624,194,,,0,75,,6621,194,,,0,35,,6622,194,,,0,75,,6617,194,,,0,35,,6606,194,,,0,75,,6620,194,,,0,75,,6611,194,,,0,31,,6636,194,,,0,73,,6629,194,,,0,33,,6638,194,,,0,73,,6614,194,,,0,33,,6616,194,,,0,73,,6619,194,,,0,33,,6608,194,,,0,73,,6630,194,,,0,27,,6609,194,,,0,66,,6626,194,,,0,30,,6618,194,,,0
200,'bcaf19fe-11ef-4115-afbb-ac9c5f562f28',827,,6646,194,,,0,73,,6656,194,,,0,33,,6642,194,,,0,73,,6648,194,,,0,33,,6649,194,,,0,73,,6644,194,,,0,33,,6641,194,,,0,73,,6651,194,,,0,33,,6652,194,,,0,73,,6645,194,,,0,33,,6657,194,,,0,73,,6643,194,,,0,73,,6650,194,,,0,33,,6647,194,,,0,73,,6658,194,,,0,33,,6640,194,,,0,73,,6655,194,,,0,33,,6660,194,,,0,73,,6653,194,,,0,33,,6661,194,,,0
200,'bf660328-88ad-42b5-9a19-68afdd8f4a47',827,,6671,194,,,0,73,,6683,194,,,0,33,,6681,194,,,0,73,,6670,194,,,0,33,,6665,194,,,0,73,,6675,194,,,0,33,,6682,194,,,0,73,,6668,194,,,0,33,,6679,194,,,0,73,,6667,194,,,0,33,,6669,194,,,0,73,,6662,194,,,0,73,,6680,194,,,0,33,,6676,194,,,0,73,,6677,194,,,0,33,,6666,194,,,0,73,,6664,194,,,0,33,,6678,194,,,0,73,,6674,194,,,0,33,,6673,194,,,0
200,'ed28f9c7-46cd-41bf-a6ca-237f78214646',827,,6687,194,,,0,73,,6704,194,,,0,33,,6684,194,,,0,73,,6696,194,,,0,33,,6689,194,,,0,73,,6695,194,,,0,33,,6685,194,,,0,73,,6699,194,,,0,33,,6703,194,,,0,73,,6694,194,,,0,33,,6686,194,,,0,73,,6702,194,,,0,73,,6698,194,,,0,33,,6691,194,,,0,73,,6692,194,,,0,33,,6693,194,,,0,73,,6700,194,,,0,33,,6690,194,,,0,73,,6688,194,,,0,33,,6705,194,,,0
300,'1fe0d92c-9044-4814-8d20-55198bafd146',632,,6857,87,,,0,74,,6862,87,,,0,32,,6846,87,,,0,73,,6855,87,,,0,33,,6856,87,,,0,73,,6865,87,,,0,33,,6853,87,,,0,73,,6864,87,,,0,33,,6847,87,,,0,73,,6837,87,,,0,73,,6841,87,,,0,33,,6844,87,,,0,73,,6860,87,,,0,38,,6866,87,,,0,75,,6851,87,,,0,35,,6850,87,,,0,75,,6849,87,,,0,75,,6843,87,,,0,35,,6863,87,,,0,75,,6839,87,,,0,35,,6854,87,,,0,73,,6838,87,,,0,32,,6840,87,,,0,74,,6861,87,,,0,73,,6848,87,,,0,33,,6867,87,,,0,73,,6869,87,,,0,33,,6868,87,,,0,73,,6858,87,,,0,27,,6859,87,,,0,65,,6852,87,,,0,20,,6845,87,,,0,30,,6842,87,,,0
300,'9ecf710c-601d-465c-83ad-25c219925bad',738,,6890,87,,,0,73,,6871,87,,,0,33,,6897,87,,,0,73,,6888,87,,,0,33,,6876,87,,,0,73,,6880,87,,,0,33,,6900,87,,,0,73,,6895,87,,,0,73,,6894,87,,,0,33,,6896,87,,,0,73,,6898,87,,,0,38,,6887,87,,,0,75,,6877,87,,,0,35,,6873,87,,,0,75,,6892,87,,,0,75,,6878,87,,,0,35,,6879,87,,,0,75,,6875,87,,,0,35,,6881,87,,,0,73,,6889,87,,,0,32,,6885,87,,,0,74,,6884,87,,,0,73,,6893,87,,,0,33,,6883,87,,,0,73,,6872,87,,,0,33,,6886,87,,,0,73,,6882,87,,,0,27,,6870,87,,,0,65,,6899,87,,,0,20,,6874,87,,,0,30,,6891,87,,,0
300,'bcaf19fe-11ef-4115-afbb-ac9c5f562f28',811,,6902,87,,,0,33,,6922,87,,,0,73,,6927,87,,,0,33,,6904,87,,,0,73,,6910,87,,,0,33,,6925,87,,,0,73,,6914,87,,,0,73,,6908,87,,,0,33,,6923,87,,,0,73,,6919,87,,,0,33,,6916,87,,,0,73,,6917,87,,,0,33,,6909,87,,,0,73,,6924,87,,,0,33,,6905,87,,,0,73,,6926,87,,,0,33,,6903,87,,,0,73,,6907,87,,,0,73,,6906,87,,,0,33,,6911,87,,,0,68,,6918,87,,,0,30,,6901,87,,,0,73,,6913,87,,,0,33,,6921,87,,,0,73,,6920,87,,,0,33,,6915,87,,,0,73,,6912,87,,,0
300,'bf660328-88ad-42b5-9a19-68afdd8f4a47',811,,6942,87,,,0,33,,6946,87,,,0,73,,6941,87,,,0,33,,6928,87,,,0,73,,6943,87,,,0,33,,6937,87,,,0,73,,6935,87,,,0,73,,6932,87,,,0,33,,6945,87,,,0,73,,6934,87,,,0,33,,6940,87,,,0,73,,6929,87,,,0,33,,6939,87,,,0,73,,6936,87,,,0,33,,6930,87,,,0,73,,6947,87,,,0,33,,6933,87,,,0,73,,6944,87,,,0,73,,6948,87,,,0,33,,6938,87,,,0,68,,6931,87,,,0
300,'ed28f9c7-46cd-41bf-a6ca-237f78214646',811,,6966,87,,,0,33,,6964,87,,,0,73,,6954,87,,,0,33,,6960,87,,,0,73,,6958,87,,,0,33,,6956,87,,,0,73,,6952,87,,,0,73,,6949,87,,,0,33,,6953,87,,,0,73,,6951,87,,,0,33,,6961,87,,,0,73,,6955,87,,,0,33,,6965,87,,,0,73,,6963,87,,,0,33,,6950,87,,,0,73,,6962,87,,,0,33,,6959,87,,,0,73,,6969,87,,,0,73,,6967,87,,,0,33,,6957,87,,,0,68,,6968,87,,,0
400,'1fe0d92c-9044-4814-8d20-55198bafd146',641,,7125,152,,,0,65,,7122,152,,,0,33,,7115,152,,,0,72,,7137,152,,,0,34,,7134,152,,,0,72,,7117,152,,,0,33,,7109,152,,,0,73,,7113,152,,,0,33,,7129,152,,,0,73,,7135,152,,,0,73,,7114,152,,,0,33,,7121,152,,,0,73,,7120,152,,,0,33,,7127,152,,,0,73,,7116,152,,,0,37,,7108,152,,,0,78,,7111,152,,,0,76,,7119,152,,,0,36,,7106,152,,,0,75,,7123,152,,,0,35,,7136,152,,,0,71,,7124,152,,,0,34,,7128,152,,,0,75,,7138,152,,,0,72,,7131,152,,,0,32,,7132,152,,,0,74,,7112,152,,,0,33,,7105,152,,,0,73,,7118,152,,,0,24,,7107,152,,,0,70,,7133,152,,,0,25,,7130,152,,,0,67,,7104,151,,,0
400,'9ecf710c-601d-465c-83ad-25c219925bad',739,,7148,152,,,0,72,,7155,152,,,0,35,,7159,152,,,0,71,,7143,152,,,0,33,,7154,152,,,0,73,,7144,152,,,0,33,,7153,152,,,0,73,,7151,152,,,0,73,,7168,152,,,0,33,,7167,152,,,0,73,,7146,152,,,0,33,,7139,152,,,0,73,,7156,152,,,0,37,,7150,152,,,0,78,,7162,152,,,0,76,,7166,152,,,0,36,,7141,152,,,0,75,,7160,152,,,0,35,,7163,152,,,0,71,,7140,152,,,0,34,,7157,152,,,0,75,,7149,152,,,0,72,,7169,152,,,0,32,,7145,152,,,0,74,,7165,152,,,0,33,,7152,152,,,0,73,,7142,152,,,0,24,,7164,152,,,0,70,,7147,152,,,0,25,,7158,152,,,0,67,,7170,151,,,0
400,'bcaf19fe-11ef-4115-afbb-ac9c5f562f28',846,,7179,152,,,0,71,,7181,152,,,0,33,,7185,152,,,0,73,,7197,152,,,0,33,,7188,152,,,0,73,,7173,152,,,0,73,,7194,152,,,0,33,,7193,152,,,0,73,,7186,152,,,0,33,,7191,152,,,0,73,,7187,152,,,0,33,,7195,152,,,0,73,,7189,152,,,0,33,,7174,152,,,0,73,,7171,152,,,0,33,,7190,152,,,0,73,,7184,152,,,0,73,,7177,152,,,0,33,,7183,152,,,0,73,,7199,152,,,0,33,,7192,152,,,0,73,,7182,152,,,0,28,,7180,152,,,0,70,,7176,152,,,0,33,,7175,152,,,0,73,,7172,152,,,0
400,'bf660328-88ad-42b5-9a19-68afdd8f4a47',846,,7216,152,,,0,71,,7208,152,,,0,33,,7205,152,,,0,73,,7206,152,,,0,33,,7201,152,,,0,73,,7219,152,,,0,73,,7202,152,,,0,33,,7204,152,,,0,73,,7213,152,,,0,33,,7212,152,,,0,73,,7218,152,,,0,33,,7214,152,,,0,73,,7200,152,,,0,33,,7217,152,,,0,73,,7211,152,,,0,33,,7203,152,,,0,73,,7209,152,,,0,73,,7207,152,,,0,33,,7215,152,,,0,73,,7210,151,,,0
400,'ed28f9c7-46cd-41bf-a6ca-237f78214646',846,,7225,152,,,0,71,,7227,152,,,0,33,,7234,152,,,0,73,,7236,152,,,0,33,,7222,152,,,0,73,,7224,152,,,0,73,,7221,152,,,0,33,,7233,152,,,0,73,,7232,152,,,0,33,,7240,152,,,0,73,,7229,152,,,0,33,,7228,152,,,0,73,,7237,152,,,0,33,,7235,152,,,0,73,,7231,152,,,0,33,,7226,152,,,0,73,,7239,152,,,0,73,,7223,152,,,0,33,,7238,152,,,0,73,,7230,151,,,0
