201,'1fe0d92c-9044-4814-8d20-55198bafd146',551,,6714,4,,,0,73,,6727,4,,,0,33,,6711,4,,,0,73,,6737,4,,,0,73,,6710,4,,,0,33,,6708,4,,,0,73,,6706,4,,,0,33,,6736,4,,,0,73,,6732,4,,,0,33,,6720,4,,,0,73,,6715,4,,,0,33,,6718,4,,,0,73,,6712,4,,,0,75,,6719,4,,,0,35,,6728,4,,,0,75,,6739,4,,,0,35,,6740,4,,,0,75,,6707,4,,,0,35,,6723,4,,,0,75,,6716,4,,,0,75,,6729,4,,,0,33,,6721,4,,,0,73,,6725,4,,,0,33,,6738,4,,,0,73,,6722,4,,,0,33,,6709,4,,,0,73,,6724,4,,,0,33,,6735,4,,,0,73,,6733,4,,,0,70,,6726,4,,,0,30,,6713,4,,,0,70,,6734,4,,,0,25,,6731,4,,,0
201,'9ecf710c-601d-465c-83ad-25c219925bad',657,,6755,4,,,0,73,,6758,4,,,0,73,,6766,4,,,0,33,,6770,4,,,0,73,,6771,4,,,0,33,,6764,4,,,0,73,,6772,4,,,0,33,,6763,4,,,0,73,,6753,4,,,0,33,,6757,4,,,0,73,,6748,4,,,0,75,,6746,4,,,0,35,,6754,4,,,0,75,,6768,4,,,0,35,,6761,4,,,0,75,,6750,4,,,0,35,,6743,4,,,0,75,,6759,4,,,0,75,,6752,4,,,0,33,,6762,4,,,0,73,,6744,4,,,0,33,,6760,4,,,0,73,,6747,4,,,0,33,,6749,4,,,0,73,,6767,4,,,0,33,,6745,4,,,0,73,,6769,4,,,0,70,,6751,4,,,0,30,,6741,4,,,0,70,,6756,4,,,0,25,,6765,4,,,0
201,'bcaf19fe-11ef-4115-afbb-ac9c5f562f28',803,,6791,4,,,0,33,,6773,4,,,0,73,,6774,4,,,0,33,,6786,4,,,0,73,,6790,4,,,0,33,,6793,4,,,0,73,,6787,4,,,0,33,,6792,4,,,0,73,,6777,4,,,0,73,,6780,4,,,0,33,,6788,4,,,0,73,,6775,4,,,0,33,,6778,4,,,0,73,,6781,4,,,0,33,,6782,4,,,0,73,,6776,4,,,0,33,,6785,4,,,0,73,,6789,4,,,0,33,,6783,4,,,0,73,,6779,4,,,0
201,'bf660328-88ad-42b5-9a19-68afdd8f4a47',803,,6797,4,,,0,33,,6798,4,,,0,73,,6803,4,,,0,33,,6804,4,,,0,73,,6811,4,,,0,33,,6813,4,,,0,73,,6808,4,,,0,33,,6806,4,,,0,73,,6809,4,,,0,73,,6800,4,,,0,33,,6799,4,,,0,73,,6801,4,,,0,33,,6795,4,,,0,73,,6814,4,,,0,33,,6805,4,,,0,73,,6810,4,,,0,33,,6807,4,,,0,73,,6802,4,,,0,33,,6812,4,,,0,73,,6796,4,,,0
201,'ed28f9c7-46cd-41bf-a6ca-237f78214646',803,,6832,4,,,0,33,,6836,4,,,0,73,,6835,4,,,0,33,,6821,4,,,0,73,,6830,4,,,0,33,,6817,4,,,0,73,,6822,4,,,0,33,,6823,4,,,0,73,,6827,4,,,0,73,,6825,4,,,0,33,,6831,4,,,0,73,,6820,4,,,0,33,,6819,4,,,0,73,,6826,4,,,0,33,,6815,4,,,0,73,,6829,4,,,0,33,,6824,4,,,0,73,,6818,4,,,0,33,,6834,4,,,0,73,,6833,4,,,0
301,'1fe0d92c-9044-4814-8d20-55198bafd146',611,,6988,5,,,0,32,,6998,5,,,0,73,,6994,5,,,0,33,,6999,5,,,0,73,,6975,5,,,0,33,,6985,5,,,0,73,,6971,5,,,0,73,,6989,5,,,0,33,,6978,5,,,0,73,,6993,5,,,0,33,,6981,5,,,0,73,,6973,5,,,0,34,,6979,5,,,0,75,,6987,5,,,0,35,,6983,5,,,0,75,,6995,5,,,0,75,,6982,5,,,0,35,,6974,5,,,0,75,,6992,5,,,0,35,,6984,5,,,0,75,,6997,5,,,0,74,,7000,5,,,0,34,,6980,5,,,0,73,,7002,5,,,0,33,,6976,5,,,0,73,,6972,5,,,0,33,,6970,5,,,0,73,,6990,5,,,0,33,,6986,5,,,0,73,,6996,5,,,0,20,,6991,5,,,0,70,,6977,5,,,0,25,,7001,5,,,0
301,'9ecf710c-601d-465c-83ad-25c219925bad',716,,7024,5,,,0,33,,7032,5,,,0,73,,7022,5,,,0,33,,7004,5,,,0,73,,7020,5,,,0,73,,7021,5,,,0,33,,7030,5,,,0,73,,7014,5,,,0,33,,7003,5,,,0,73,,7033,5,,,0,34,,7031,5,,,0,75,,7019,5,,,0,35,,7015,5,,,0,75,,7009,5,,,0,75,,7006,5,,,0,35,,7026,5,,,0,75,,7025,5,,,0,35,,7013,5,,,0,75,,7005,5,,,0,74,,7012,5,,,0,34,,7016,5,,,0,73,,7029,5,,,0,33,,7008,5,,,0,73,,7011,5,,,0,33,,7007,5,,,0,73,,7028,5,,,0,33,,7010,5,,,0,73,,7027,5,,,0,20,,7018,5,,,0,70,,7017,5,,,0,25,,7023,5,,,0
301,'bcaf19fe-11ef-4115-afbb-ac9c5f562f28',749,,7046,5,,,0,73,,7049,5,,,0,33,,7059,5,,,0,73,,7041,5,,,0,73,,7055,5,,,0,33,,7034,5,,,0,73,,7048,5,,,0,33,,7052,5,,,0,73,,7038,5,,,0,33,,7037,5,,,0,73,,7035,5,,,0,33,,7047,5,,,0,73,,7053,5,,,0,33,,7044,5,,,0,73,,7051,5,,,0,73,,7045,5,,,0,33,,7056,5,,,0,73,,7061,5,,,0,33,,7054,5,,,0,73,,7060,5,,,0,25,,7058,5,,,0,73,,7043,5,,,0,33,,7039,5,,,0,73,,7050,5,,,0,33,,7040,5,,,0,73,,7057,5,,,0,33,,7036,5,,,0,73,,7042,5,,,0
301,'bf660328-88ad-42b5-9a19-68afdd8f4a47',749,,7062,5,,,0,73,,7069,5,,,0,33,,7082,5,,,0,73,,7066,5,,,0,73,,7067,5,,,0,33,,7068,5,,,0,73,,7078,5,,,0,33,,7080,5,,,0,73,,7079,5,,,0,33,,7073,5,,,0,73,,7076,5,,,0,33,,7071,5,,,0,73,,7063,5,,,0,33,,7074,5,,,0,73,,7064,5,,,0,73,,7070,5,,,0,33,,7075,5,,,0,73,,7077,5,,,0,33,,7072,5,,,0,73,,7081,5,,,0,25,,7065,5,,,0
301,'ed28f9c7-46cd-41bf-a6ca-237f78214646',749,,7098,5,,,0,73,,7092,5,,,0,33,,7093,5,,,0,73,,7087,5,,,0,73,,7102,5,,,0,33,,7101,5,,,0,73,,7085,5,,,0,33,,7100,5,,,0,73,,7086,5,,,0,33,,7094,5,,,0,73,,7083,5,,,0,33,,7103,5,,,0,73,,7099,5,,,0,33,,7090,5,,,0,73,,7095,5,,,0,73,,7089,5,,,0,33,,7097,5,,,0,73,,7088,5,,,0,33,,7096,5,,,0,73,,7091,5,,,0,25,,7084,5,,,0
401,'1fe0d92c-9044-4814-8d20-55198bafd146',606,,7247,5,,,0,31,,7256,5,,,0,74,,7269,5,,,0,32,,7263,5,,,0,73,,7245,5,,,0,33,,7241,5,,,0,73,,7261,5,,,0,33,,7255,5,,,0,73,,7249,5,,,0,73,,7268,5,,,0,33,,7259,5,,,0,73,,7262,5,,,0,33,,7246,5,,,0,74,,7264,5,,,0,38,,7266,5,,,0,75,,7250,5,,,0,75,,7270,5,,,0,35,,7243,5,,,0,75,,7267,5,,,0,35,,7251,5,,,0,75,,7242,5,,,0,35,,7244,5,,,0,72,,7260,5,,,0,72,,7254,5,,,0,34,,7248,5,,,0,73,,7273,5,,,0,33,,7265,5,,,0,73,,7272,5,,,0,33,,7257,5,,,0,73,,7258,5,,,0,27,,7252,5,,,0,65,,7253,5,,,0,19,,7271,5,,,0
401,'9ecf710c-601d-465c-83ad-25c219925bad',711,,7297,5,,,0,32,,7295,5,,,0,73,,7294,5,,,0,33,,7274,5,,,0,73,,7287,5,,,0,33,,7275,5,,,0,73,,7293,5,,,0,73,,7292,5,,,0,33,,7305,5,,,0,73,,7278,5,,,0,33,,7296,5,,,0,74,,7280,5,,,0,38,,7285,5,,,0,75,,7284,5,,,0,75,,7302,5,,,0,35,,7288,5,,,0,75,,7277,5,,,0,35,,7303,5,,,0,75,,7291,5,,,0,35,,7299,5,,,0,72,,7276,5,,,0,72,,7289,5,,,0,34,,7306,5,,,0,73,,7298,5,,,0,33,,7301,5,,,0,73,,7304,5,,,0,33,,7300,5,,,0,73,,7286,5,,,0,27,,7283,5,,,0,65,,7281,5,,,0,19,,7279,5,,,0
401,'bcaf19fe-11ef-4115-afbb-ac9c5f562f28',816,,7323,5,,,0,33,,7329,5,,,0,73,,7308,5,,,0,33,,7330,5,,,0,73,,7313,5,,,0,73,,7325,5,,,0,33,,7328,5,,,0,73,,7311,5,,,0,33,,7315,5,,,0,73,,7333,5,,,0,33,,7335,5,,,0,73,,7331,5,,,0,33,,7319,5,,,0,73,,7318,5,,,0,33,,7309,5,,,0,73,,7321,5,,,0,73,,7317,5,,,0,33,,7334,5,,,0,73,,7307,5,,,0,33,,7324,5,,,0,68,,7332,5,,,0,30,,7320,5,,,0,73,,7322,5,,,0,33,,7314,5,,,0,73,,7310,5,,,0,33,,7312,5,,,0,73,,7316,5,,,0
401,'bf660328-88ad-42b5-9a19-68afdd8f4a47',816,,7357,5,,,0,33,,7336,5,,,0,73,,7338,5,,,0,33,,7352,5,,,0,73,,7346,5,,,0,73,,7344,5,,,0,33,,7339,5,,,0,73,,7341,5,,,0,33,,7350,5,,,0,73,,7353,5,,,0,33,,7356,5,,,0,73,,7342,5,,,0,33,,7351,5,,,0,73,,7347,5,,,0,33,,7340,5,,,0,73,,7349,5,,,0,73,,7343,5,,,0,33,,7354,5,,,0,73,,7355,5,,,0,33,,7348,5,,,0
401,'ed28f9c7-46cd-41bf-a6ca-237f78214646',816,,7370,5,,,0,33,,7369,5,,,0,73,,7360,5,,,0,33,,7377,5,,,0,73,,7373,5,,,0,73,,7367,5,,,0,33,,7362,5,,,0,73,,7375,5,,,0,33,,7368,5,,,0,73,,7376,5,,,0,33,,7379,5,,,0,73,,7361,5,,,0,33,,7366,5,,,0,73,,7371,5,,,0,33,,7372,5,,,0,73,,7365,5,,,0,73,,7358,5,,,0,33,,7374,5,,,0,73,,7364,5,,,0,33,,7378,5,,,0
