100,'8121286b-fd49-4716-b922-42f8d7dc989c',819,,3269,106,,,0,33,,3279,106,,,0,73,,3268,106,,,0,33,,3286,106,,,0,73,,3280,106,,,0,73,,3274,106,,,0,33,,3272,106,,,0,73,,3277,106,,,0,33,,3288,106,,,0,73,,3271,106,,,0,33,,3285,106,,,0,73,,3287,106,,,0,33,,3284,106,,,0,73,,3273,106,,,0,73,,3282,106,,,0,33,,3276,106,,,0,73,,3278,106,,,0,33,,3275,106,,,0,73,,3281,106,,,0,33,,3283,115,,,0,65,,3270,115,,,0
100,'b3648ede-5954-434f-9b9d-d5f08e1e70ad',819,,3291,106,,,0,33,,3296,106,,,0,73,,3305,106,,,0,33,,3303,106,,,0,73,,3308,106,,,0,73,,3300,106,,,0,33,,3294,106,,,0,73,,3311,106,,,0,33,,3297,106,,,0,73,,3309,106,,,0,33,,3307,106,,,0,73,,3298,106,,,0,33,,3302,106,,,0,73,,3292,106,,,0,73,,3293,106,,,0,33,,3310,106,,,0,73,,3304,106,,,0,33,,3299,106,,,0,73,,3290,106,,,0,33,,3301,115,,,0,65,,3289,115,,,0
100,'c48e9871-c7da-4ae0-bf7c-b3496ea4ba29',713,,3338,106,,,0,33,,3325,106,,,0,73,,3342,106,,,0,33,,3344,106,,,0,73,,3333,106,,,0,33,,3330,106,,,0,73,,3323,106,,,0,73,,3334,106,,,0,33,,3320,106,,,0,73,,3328,106,,,0,33,,3329,106,,,0,73,,3317,106,,,0,33,,3337,106,,,0,73,,3312,106,,,0,33,,3324,106,,,0,73,,3327,106,,,0,73,,3315,106,,,0,33,,3341,106,,,0,73,,3331,106,,,0,33,,3335,106,,,0,73,,3326,106,,,0,33,,3319,106,,,0,73,,3314,106,,,0,33,,3313,106,,,0,73,,3343,106,,,0,33,,3339,106,,,0,73,,3322,106,,,0,73,,3340,106,,,0,33,,3316,106,,,0,70,,3318,106,,,0,30,,3332,115,,,0,63,,3336,115,,,0
100,'d7cebbf2-c439-48e5-af23-2183cbefe818',616,,3352,106,,,0,28,,3356,106,,,0,69,,3372,106,,,0,33,,3374,106,,,0,73,,3371,106,,,0,33,,3354,106,,,0,73,,3347,106,,,0,33,,3360,106,,,0,73,,3376,106,,,0,73,,3373,106,,,0,33,,3350,106,,,0,73,,3357,106,,,0,33,,3346,106,,,0,73,,3358,106,,,0,33,,3378,106,,,0,73,,3368,106,,,0,33,,3351,106,,,0,73,,3359,106,,,0,73,,3353,106,,,0,33,,3355,106,,,0,73,,3366,106,,,0,33,,3367,106,,,0,73,,3345,106,,,0,33,,3361,106,,,0,73,,3379,106,,,0,33,,3349,106,,,0,73,,3365,106,,,0,33,,3363,106,,,0,73,,3369,106,,,0,73,,3362,106,,,0,33,,3377,106,,,0,70,,3348,106,,,0,30,,3364,115,,,0,63,,3375,115,,,0
200,'8121286b-fd49-4716-b922-42f8d7dc989c',835,,3511,98,,,0,73,,3493,98,,,0,33,,3503,98,,,0,73,,3495,98,,,0,33,,3504,98,,,0,73,,3501,98,,,0,33,,3505,98,,,0,73,,3509,98,,,0,33,,3500,98,,,0,73,,3499,98,,,0,73,,3502,98,,,0,33,,3507,98,,,0,73,,3492,98,,,0,33,,3496,98,,,0,73,,3498,98,,,0,33,,3510,98,,,0,73,,3506,98,,,0,33,,3513,98,,,0,73,,3494,98,,,0,28,,3512,98,,,0
200,'b3648ede-5954-434f-9b9d-d5f08e1e70ad',835,,3530,98,,,0,73,,3523,98,,,0,33,,3520,98,,,0,73,,3525,98,,,0,33,,3528,98,,,0,73,,3532,98,,,0,33,,3531,98,,,0,73,,3535,98,,,0,33,,3534,98,,,0,73,,3522,98,,,0,73,,3519,98,,,0,33,,3524,98,,,0,73,,3518,98,,,0,33,,3529,98,,,0,73,,3533,98,,,0,33,,3516,98,,,0,73,,3515,98,,,0,33,,3526,98,,,0,73,,3527,98,,,0,28,,3521,98,,,0
200,'c48e9871-c7da-4ae0-bf7c-b3496ea4ba29',729,,3565,98,,,0,73,,3551,98,,,0,33,,3562,98,,,0,73,,3538,98,,,0,33,,3547,98,,,0,73,,3555,98,,,0,33,,3545,98,,,0,73,,3544,98,,,0,33,,3542,98,,,0,73,,3536,98,,,0,33,,3540,98,,,0,73,,3568,98,,,0,73,,3553,98,,,0,33,,3564,98,,,0,73,,3539,98,,,0,33,,3569,98,,,0,73,,3561,98,,,0,33,,3557,98,,,0,73,,3560,98,,,0,33,,3552,98,,,0,73,,3548,98,,,0,73,,3559,98,,,0,33,,3550,98,,,0,73,,3563,98,,,0,33,,3566,98,,,0,73,,3558,98,,,0,33,,3543,98,,,0,73,,3567,98,,,0,33,,3549,98,,,0,70,,3541,98,,,0,23,,3556,98,,,0
200,'d7cebbf2-c439-48e5-af23-2183cbefe818',623,,3580,98,,,0,33,,3599,98,,,0,73,,3596,98,,,0,73,,3571,98,,,0,33,,3603,98,,,0,73,,3572,98,,,0,33,,3604,98,,,0,73,,3570,98,,,0,33,,3581,98,,,0,73,,3602,98,,,0,33,,3589,98,,,0,73,,3578,98,,,0,33,,3575,98,,,0,73,,3579,98,,,0,73,,3600,98,,,0,33,,3587,98,,,0,73,,3573,98,,,0,33,,3594,98,,,0,73,,3595,98,,,0,33,,3582,98,,,0,73,,3593,98,,,0,33,,3574,98,,,0,73,,3598,98,,,0,73,,3601,98,,,0,33,,3592,98,,,0,73,,3597,98,,,0,33,,3590,98,,,0,73,,3591,98,,,0,33,,3585,98,,,0,73,,3576,98,,,0,33,,3583,98,,,0,70,,3577,98,,,0,23,,3586,98,,,0
1006001,'d7cebbf2-c439-48e5-af23-2183cbefe818',647,,4456,6,,,0,100,,4454,6,,,0,100,,4450,6,,,0,100,,4455,6,,,0,100,,4452,6,,,0,100,,4445,6,,,0,100,,4449,6,,,0,100,,4451,6,,,0,100,,4447,6,,,0,100,,4446,6,,,0,100,,4457,6,,,0,100,,4453,6,,,0
2006001,'d7cebbf2-c439-48e5-af23-2183cbefe818',717,,4510,6,,,0,100,,4509,6,,,0,100,,4514,6,,,0,100,,4511,6,,,0,100,,4513,6,,,0,100,,4512,6,,,0,100,,4518,6,,,0,100,,4516,6,,,0,100,,4506,6,,,0,100,,4517,6,,,0,100,,4515,6,,,0,100,,4507,6,,,0
3006001,'8121286b-fd49-4716-b922-42f8d7dc989c',821,,4613,8,,,0,85,,4617,8,,,0,45,,4622,8,,,0,85,,4618,8,,,0,85,,4623,8,,,0,85,,4620,8,,,0,45,,4625,8,,,0,85,,4619,8,,,0,85,,4624,8,,,0,85,,4616,8,,,0,45,,4614,8,,,0,85,,4612,8,,,0,85,,4621,8,,,0,85,,4615,8,,,0
3006001,'b3648ede-5954-434f-9b9d-d5f08e1e70ad',821,,4636,8,,,0,85,,4631,8,,,0,45,,4630,8,,,0,85,,4627,8,,,0,85,,4628,8,,,0,85,,4626,8,,,0,45,,4639,8,,,0,85,,4635,8,,,0,85,,4629,8,,,0,85,,4632,8,,,0,45,,4637,8,,,0,85,,4633,8,,,0,85,,4634,8,,,0,85,,4638,8,,,0
3006001,'c48e9871-c7da-4ae0-bf7c-b3496ea4ba29',721,,4647,8,,,0,85,,4641,8,,,0,45,,4642,8,,,0,85,,4661,8,,,0,85,,4653,8,,,0,85,,4643,8,,,0,45,,4659,8,,,0,85,,4655,8,,,0,85,,4650,8,,,0,85,,4649,8,,,0,45,,4656,8,,,0,85,,4646,8,,,0,85,,4658,8,,,0,85,,4651,8,,,0,45,,4644,8,,,0,85,,4652,8,,,0,85,,4660,8,,,0,85,,4648,8,,,0,45,,4654,8,,,0,85,,4657,8,,,0,85,,4645,8,,,0,85,,4640,8,,,0
3006001,'d7cebbf2-c439-48e5-af23-2183cbefe818',1921,,4667,8,,,0,85,,4666,8,,,0,45,,4663,8,,,0,85,,4665,8,,,0,85,,4662,8,,,0,85,,4664,8,,,0
