100,'8121286b-fd49-4716-b922-42f8d7dc989c',803,,3269,0,,,0,33,,3279,0,,,0,73,,3268,0,,,0,33,,3286,0,,,0,73,,3280,0,,,0,33,,3274,0,,,0,73,,3272,0,,,0,33,,3277,0,,,0,73,,3288,0,,,0,73,,3271,0,,,0,33,,3285,0,,,0,73,,3287,0,,,0,33,,3284,0,,,0,73,,3273,0,,,0,33,,3282,0,,,0,73,,3276,0,,,0,33,,3278,0,,,0,73,,3275,0,,,0,33,,3281,0,,,0,73,,3283,0,,,0,25,,3270,0,,,0
100,'b3648ede-5954-434f-9b9d-d5f08e1e70ad',803,,3291,0,,,0,33,,3296,0,,,0,73,,3305,0,,,0,33,,3303,0,,,0,73,,3308,0,,,0,33,,3300,0,,,0,73,,3294,0,,,0,33,,3311,0,,,0,73,,3297,0,,,0,73,,3309,0,,,0,33,,3307,0,,,0,73,,3298,0,,,0,33,,3302,0,,,0,73,,3292,0,,,0,33,,3293,0,,,0,73,,3310,0,,,0,33,,3304,0,,,0,73,,3299,0,,,0,33,,3290,0,,,0,73,,3301,0,,,0,25,,3289,0,,,0
100,'c48e9871-c7da-4ae0-bf7c-b3496ea4ba29',657,,3338,0,,,0,73,,3325,0,,,0,73,,3342,0,,,0,33,,3344,0,,,0,73,,3333,0,,,0,33,,3330,0,,,0,73,,3323,0,,,0,33,,3334,0,,,0,73,,3320,0,,,0,33,,3328,0,,,0,73,,3329,0,,,0,73,,3317,0,,,0,33,,3337,0,,,0,73,,3312,0,,,0,33,,3324,0,,,0,73,,3327,0,,,0,33,,3315,0,,,0,73,,3341,0,,,0,33,,3331,0,,,0,73,,3335,0,,,0,33,,3326,0,,,0,73,,3319,0,,,0,73,,3314,0,,,0,33,,3313,0,,,0,73,,3343,0,,,0,33,,3339,0,,,0,73,,3322,0,,,0,33,,3340,0,,,0,73,,3316,0,,,0,30,,3318,0,,,0,70,,3332,0,,,0,23,,3336,0,,,0
100,'d7cebbf2-c439-48e5-af23-2183cbefe818',600,,3352,0,,,0,28,,3356,0,,,0,29,,3372,0,,,0,73,,3374,0,,,0,73,,3371,0,,,0,33,,3354,0,,,0,73,,3347,0,,,0,33,,3360,0,,,0,73,,3376,0,,,0,33,,3373,0,,,0,73,,3350,0,,,0,33,,3357,0,,,0,73,,3346,0,,,0,73,,3358,0,,,0,33,,3378,0,,,0,73,,3368,0,,,0,33,,3351,0,,,0,73,,3359,0,,,0,33,,3353,0,,,0,73,,3355,0,,,0,33,,3366,0,,,0,73,,3367,0,,,0,33,,3345,0,,,0,73,,3361,0,,,0,73,,3379,0,,,0,33,,3349,0,,,0,73,,3365,0,,,0,33,,3363,0,,,0,73,,3369,0,,,0,33,,3362,0,,,0,73,,3377,0,,,0,30,,3348,0,,,0,70,,3364,0,,,0,23,,3375,0,,,0
101,'8121286b-fd49-4716-b922-42f8d7dc989c',826,,3393,160,4,,0,33,,3383,160,4,,0,73,,3387,160,4,,0,73,,3395,160,4,,0,33,,3392,160,4,,0,73,,3400,160,4,,0,33,,3380,160,4,,0,73,,3396,160,4,,0,33,,3397,160,4,,0,73,,3385,160,4,,0,33,,3389,160,4,,0,73,,3390,160,4,,0,73,,3391,160,4,,0,33,,3381,160,4,,0,73,,3384,160,4,,0,33,,3401,160,4,,0,73,,3386,160,4,,0,33,,3399,160,4,,0,73,,3382,160,4,,0,33,,3398,160,4,,0
101,'b3648ede-5954-434f-9b9d-d5f08e1e70ad',826,,3411,160,4,,0,33,,3408,160,4,,0,73,,3402,160,4,,0,73,,3421,160,4,,0,33,,3414,160,4,,0,73,,3422,160,4,,0,33,,3415,160,4,,0,73,,3403,160,4,,0,33,,3410,160,4,,0,73,,3418,160,4,,0,33,,3420,160,4,,0,73,,3412,160,4,,0,73,,3404,160,4,,0,33,,3407,160,4,,0,73,,3405,160,4,,0,33,,3416,160,4,,0,73,,3409,160,4,,0,33,,3423,160,4,,0,73,,3413,160,4,,0,33,,3419,160,4,,0
101,'c48e9871-c7da-4ae0-bf7c-b3496ea4ba29',720,,3426,160,4,,0,33,,3433,160,4,,0,73,,3435,160,4,,0,33,,3446,160,4,,0,73,,3437,160,4,,0,73,,3443,160,4,,0,33,,3449,160,4,,0,73,,3438,160,4,,0,33,,3434,160,4,,0,73,,3453,160,4,,0,33,,3427,160,4,,0,73,,3424,160,4,,0,33,,3444,160,4,,0,73,,3454,160,4,,0,73,,3456,160,4,,0,33,,3425,160,4,,0,73,,3436,160,4,,0,33,,3440,160,4,,0,73,,3429,160,4,,0,33,,3430,160,4,,0,73,,3448,160,4,,0,33,,3445,160,4,,0,73,,3451,160,4,,0,33,,3442,160,4,,0,73,,3439,160,4,,0,73,,3457,160,4,,0,33,,3447,160,4,,0,73,,3432,160,4,,0,33,,3441,160,4,,0,70,,3431,160,4,,0,30,,3455,160,4,,0
101,'d7cebbf2-c439-48e5-af23-2183cbefe818',618,,3469,160,4,,0,29,,3458,160,4,,0,73,,3478,160,4,,0,33,,3488,160,4,,0,73,,3472,160,4,,0,33,,3484,160,4,,0,73,,3483,160,4,,0,73,,3474,160,4,,0,33,,3468,160,4,,0,73,,3470,160,4,,0,33,,3482,160,4,,0,73,,3477,160,4,,0,33,,3485,160,4,,0,73,,3466,160,4,,0,33,,3465,160,4,,0,73,,3463,160,4,,0,73,,3475,160,4,,0,33,,3459,160,4,,0,73,,3489,160,4,,0,33,,3467,160,4,,0,73,,3491,160,4,,0,33,,3461,160,4,,0,73,,3479,160,4,,0,33,,3481,160,4,,0,73,,3471,160,4,,0,33,,3487,160,4,,0,73,,3480,160,4,,0,73,,3473,160,4,,0,33,,3486,160,4,,0,73,,3460,160,4,,0,33,,3490,160,4,,0,70,,3464,160,4,,0,30,,3476,160,4,,0
5100,'c48e9871-c7da-4ae0-bf7c-b3496ea4ba29',716,,4145,94,4,,0,40,,4158,94,4,,0,80,,4154,94,4,,0,80,,4147,94,4,,0,40,,4155,94,4,,0,80,,4151,94,4,,0,80,,4143,94,4,,0,40,,4150,94,4,,0,80,,4159,94,4,,0,80,,4153,94,4,,0,40,,4148,94,4,,0,80,,4144,94,4,,0,80,,4152,94,4,,0,40,,4146,94,4,,0,80,,4156,94,4,,0,80,,4160,94,4,,0,40,,4157,94,4,,0,80,,4149,94,4,,0
5100,'d7cebbf2-c439-48e5-af23-2183cbefe818',716,,4176,94,4,,0,40,,4166,94,4,,0,80,,4177,94,4,,0,80,,4172,94,4,,0,40,,4167,94,4,,0,80,,4164,94,4,,0,80,,4174,94,4,,0,85,,4170,94,4,,0,45,,4163,94,4,,0,85,,4162,94,4,,0,85,,4161,94,4,,0,85,,4168,94,4,,0,45,,4173,94,4,,0,85,,4175,94,4,,0,85,,4169,94,4,,0,40,,4165,94,4,,0,80,,4171,94,4,,0
5101,'c48e9871-c7da-4ae0-bf7c-b3496ea4ba29',716,,4194,0,,,0,40,,4189,0,,,0,80,,4193,0,,,0,80,,4195,0,,,0,40,,4188,0,,,0,80,,4180,0,,,0,80,,4181,0,,,0,40,,4185,0,,,0,80,,4182,0,,,0,80,,4184,0,,,0,40,,4183,0,,,0,80,,4179,0,,,0,80,,4186,0,,,0,40,,4192,0,,,0,80,,4178,0,,,0,80,,4187,0,,,0,40,,4191,0,,,0,80,,4190,0,,,0
5101,'d7cebbf2-c439-48e5-af23-2183cbefe818',615,,4204,0,,,0,23,,4212,0,,,0,78,,4201,0,,,0,40,,4205,0,,,0,80,,4203,0,,,0,80,,4209,0,,,0,40,,4213,0,,,0,80,,4207,0,,,0,84,,4202,0,,,0,85,,4200,0,,,0,45,,4214,0,,,0,85,,4197,0,,,0,85,,4198,0,,,0,85,,4199,0,,,0,45,,4196,0,,,0,85,,4208,0,,,0,85,,4206,0,,,0,80,,4211,0,,,0,40,,4210,0,,,0
