400,'8121286b-fd49-4716-b922-42f8d7dc989c',812,,3940,60,,,0,31,,3931,60,,,0,73,,3933,60,,,0,33,,3930,60,,,0,73,,3941,60,,,0,33,,3936,60,,,0,73,,3937,60,,,0,73,,3927,60,,,0,33,,3934,60,,,0,73,,3943,60,,,0,33,,3944,60,,,0,73,,3942,60,,,0,33,,3928,60,,,0,73,,3938,60,,,0,33,,3935,60,,,0,73,,3939,60,,,0,33,,3929,60,,,0,73,,3945,60,,,0,73,,3926,60,,,0,33,,3932,60,,,0
400,'b3648ede-5954-434f-9b9d-d5f08e1e70ad',812,,3950,60,,,0,31,,3951,60,,,0,73,,3961,60,,,0,33,,3947,60,,,0,73,,3953,60,,,0,33,,3956,60,,,0,73,,3946,60,,,0,73,,3955,60,,,0,33,,3963,60,,,0,73,,3958,60,,,0,33,,3966,60,,,0,73,,3965,60,,,0,33,,3964,60,,,0,73,,3962,60,,,0,33,,3952,60,,,0,73,,3949,60,,,0,33,,3959,60,,,0,73,,3957,60,,,0,73,,3948,60,,,0,33,,3954,60,,,0
400,'c48e9871-c7da-4ae0-bf7c-b3496ea4ba29',705,,3969,60,,,0,32,,3992,60,,,0,75,,3984,60,,,0,31,,3981,60,,,0,73,,3988,60,,,0,33,,3975,60,,,0,73,,3982,60,,,0,33,,3980,60,,,0,73,,3968,60,,,0,73,,3985,60,,,0,33,,3987,60,,,0,73,,3994,60,,,0,33,,3970,60,,,0,73,,3990,60,,,0,33,,3997,60,,,0,73,,3971,60,,,0,33,,3989,60,,,0,73,,3977,60,,,0,33,,3986,60,,,0,73,,3967,60,,,0,73,,3974,60,,,0,33,,3983,60,,,0,73,,3976,60,,,0,33,,3972,60,,,0,73,,3995,60,,,0,33,,3993,60,,,0,73,,3973,60,,,0,33,,3996,60,,,0,73,,3979,60,,,0,73,,3998,60,,,0,26,,3978,60,,,0
400,'d7cebbf2-c439-48e5-af23-2183cbefe818',632,,4027,60,,,0,73,,4022,60,,,0,32,,4008,60,,,0,74,,4003,60,,,0,32,,4030,60,,,0,73,,4025,60,,,0,33,,4001,60,,,0,73,,4016,60,,,0,33,,4015,60,,,0,73,,4000,60,,,0,73,,4017,60,,,0,33,,4028,60,,,0,73,,4032,60,,,0,33,,4007,60,,,0,73,,4005,60,,,0,33,,4009,60,,,0,73,,4023,60,,,0,33,,4011,60,,,0,73,,4020,60,,,0,33,,4012,60,,,0,73,,4002,60,,,0,73,,4014,60,,,0,33,,4029,60,,,0,73,,4026,60,,,0,33,,4004,60,,,0,73,,4031,60,,,0,33,,4018,60,,,0,73,,4021,60,,,0,33,,4019,60,,,0,73,,4024,60,,,0,73,,4006,60,,,0,26,,3999,60,,,0
1006000,'d7cebbf2-c439-48e5-af23-2183cbefe818',709,,4433,191,,,0,95,,4435,191,,,0,100,,4443,191,,,0,100,,4438,191,,,0,100,,4434,191,,,0,100,,4440,191,,,0,100,,4439,191,,,0,100,,4442,191,,,0,100,,4441,191,,,0,100,,4437,191,,,0,100,,4432,191,,,0,100,,4444,191,,,0,100,,4436,190,,,0
2006000,'d7cebbf2-c439-48e5-af23-2183cbefe818',640,,4504,89,,,0,94,,4505,89,,,0,100,,4498,89,,,0,100,,4499,89,,,0,100,,4503,89,,,0,100,,4502,89,,,0,100,,4497,89,,,0,100,,4494,89,,,0,100,,4495,89,,,0,100,,4493,89,,,0,100,,4496,89,,,0,100,,4501,89,,,0,100,,4500,88,,,0
3006000,'8121286b-fd49-4716-b922-42f8d7dc989c',815,,4559,71,,,0,41,,4563,71,,,0,85,,4553,71,,,0,85,,4555,71,,,0,85,,4556,71,,,0,45,,4561,71,,,0,85,,4557,71,,,0,85,,4554,71,,,0,85,,4558,71,,,0,45,,4566,71,,,0,85,,4567,71,,,0,85,,4565,71,,,0,85,,4560,71,,,0,45,,4564,71,,,0,85,,4562,74,,,0
3006000,'b3648ede-5954-434f-9b9d-d5f08e1e70ad',815,,4575,71,,,0,41,,4580,71,,,0,85,,4579,71,,,0,85,,4569,71,,,0,85,,4577,71,,,0,45,,4574,71,,,0,85,,4581,71,,,0,85,,4573,71,,,0,85,,4572,71,,,0,45,,4576,71,,,0,85,,4570,71,,,0,85,,4568,71,,,0,85,,4571,71,,,0,45,,4582,71,,,0,85,,4578,74,,,0
3006000,'c48e9871-c7da-4ae0-bf7c-b3496ea4ba29',715,,4598,71,,,0,41,,4594,71,,,0,85,,4593,71,,,0,85,,4584,71,,,0,85,,4599,71,,,0,45,,4589,71,,,0,85,,4595,71,,,0,85,,4603,71,,,0,85,,4591,71,,,0,45,,4585,71,,,0,85,,4586,71,,,0,85,,4600,71,,,0,85,,4596,71,,,0,45,,4588,71,,,0,85,,4604,71,,,0,85,,4592,71,,,0,85,,4605,71,,,0,45,,4602,71,,,0,85,,4587,71,,,0,85,,4601,71,,,0,85,,4583,71,,,0,45,,4590,71,,,0,85,,4597,74,,,0
3006000,'d7cebbf2-c439-48e5-af23-2183cbefe818',1956,,4609,71,,,0,85,,4607,71,,,0,85,,4610,71,,,0,85,,4611,71,,,0,45,,4608,71,,,0,85,,4606,74,,,0
