101,'1fe0d92c-9044-4814-8d20-55198bafd146',558,,6467,61,,,0,66,,6462,61,,,0,76,,6464,61,,,0,33,,6440,61,,,0,73,,6437,61,,,0,33,,6450,61,,,0,73,,6456,61,,,0,33,,6448,61,,,0,73,,6443,61,,,0,33,,6457,61,,,0,73,,6439,61,,,0,33,,6447,61,,,0,73,,6466,61,,,0,73,,6452,61,,,0,36,,6451,61,,,0,75,,6442,61,,,0,35,,6438,61,,,0,75,,6453,61,,,0,35,,6469,61,,,0,75,,6458,61,,,0,75,,6454,61,,,0,35,,6463,61,,,0,72,,6465,61,,,0,33,,6441,61,,,0,73,,6461,61,,,0,33,,6460,61,,,0,73,,6445,61,,,0,73,,6444,61,,,0,33,,6459,61,,,0,70,,6446,61,,,0,26,,6455,61,,,0,70,,6470,61,,,0,30,,6468,61,,,0,10,,6449,61,,,0
101,'9ecf710c-601d-465c-83ad-25c219925bad',700,,6471,61,,,0,33,,6482,61,,,0,73,,6490,61,,,0,33,,6504,61,,,0,73,,6473,61,,,0,33,,6496,61,,,0,73,,6481,61,,,0,33,,6502,61,,,0,73,,6476,61,,,0,33,,6499,61,,,0,73,,6495,61,,,0,73,,6477,61,,,0,36,,6498,61,,,0,75,,6484,61,,,0,35,,6483,61,,,0,75,,6479,61,,,0,35,,6488,61,,,0,75,,6475,61,,,0,75,,6494,61,,,0,35,,6501,61,,,0,72,,6480,61,,,0,33,,6500,61,,,0,73,,6497,61,,,0,33,,6493,61,,,0,73,,6492,61,,,0,73,,6489,61,,,0,33,,6486,61,,,0,70,,6472,61,,,0,26,,6474,61,,,0,70,,6485,61,,,0,30,,6491,61,,,0,10,,6478,61,,,0
101,'bcaf19fe-11ef-4115-afbb-ac9c5f562f28',806,,6516,61,,,0,33,,6518,61,,,0,73,,6522,61,,,0,33,,6507,61,,,0,73,,6506,61,,,0,33,,6511,61,,,0,73,,6509,61,,,0,33,,6505,61,,,0,73,,6526,61,,,0,73,,6510,61,,,0,33,,6521,61,,,0,73,,6515,61,,,0,33,,6508,61,,,0,73,,6525,61,,,0,33,,6513,61,,,0,73,,6520,61,,,0,33,,6523,61,,,0,73,,6519,61,,,0,73,,6517,61,,,0,33,,6524,61,,,0
101,'bf660328-88ad-42b5-9a19-68afdd8f4a47',806,,6548,61,,,0,33,,6527,61,,,0,73,,6537,61,,,0,33,,6534,61,,,0,73,,6547,61,,,0,33,,6539,61,,,0,73,,6541,61,,,0,33,,6535,61,,,0,73,,6542,61,,,0,73,,6545,61,,,0,33,,6538,61,,,0,73,,6533,61,,,0,33,,6531,61,,,0,73,,6530,61,,,0,33,,6529,61,,,0,73,,6546,61,,,0,33,,6532,61,,,0,73,,6536,61,,,0,73,,6543,61,,,0,33,,6540,61,,,0
101,'ed28f9c7-46cd-41bf-a6ca-237f78214646',806,,6565,61,,,0,33,,6567,61,,,0,73,,6569,61,,,0,33,,6550,61,,,0,73,,6557,61,,,0,33,,6563,61,,,0,73,,6564,61,,,0,33,,6556,61,,,0,73,,6561,61,,,0,73,,6554,61,,,0,33,,6552,61,,,0,73,,6553,61,,,0,33,,6558,61,,,0,73,,6562,61,,,0,33,,6549,61,,,0,73,,6555,61,,,0,33,,6560,61,,,0,73,,6559,61,,,0,73,,6568,61,,,0,33,,6551,61,,,0
201,'1fe0d92c-9044-4814-8d20-55198bafd146',611,,6714,80,,,0,33,,6727,80,,,0,73,,6711,80,,,0,33,,6737,80,,,0,73,,6710,80,,,0,33,,6708,80,,,0,73,,6706,80,,,0,73,,6736,80,,,0,33,,6732,80,,,0,73,,6720,80,,,0,33,,6715,80,,,0,73,,6718,80,,,0,33,,6712,80,,,0,76,,6719,80,,,0,35,,6717,80,,,0,75,,6739,80,,,0,75,,6740,80,,,0,35,,6707,80,,,0,75,,6730,80,,,0,35,,6716,80,,,0,74,,6729,80,,,0,73,,6721,80,,,0,33,,6725,80,,,0,73,,6738,80,,,0,33,,6722,80,,,0,73,,6709,80,,,0,33,,6724,80,,,0,73,,6735,80,,,0,33,,6733,80,,,0,68,,6726,80,,,0,30,,6713,80,,,0,70,,6734,80,,,0,25,,6731,80,,,0
201,'9ecf710c-601d-465c-83ad-25c219925bad',717,,6755,80,,,0,33,,6758,80,,,0,73,,6766,80,,,0,33,,6770,80,,,0,73,,6771,80,,,0,73,,6764,80,,,0,33,,6772,80,,,0,73,,6763,80,,,0,33,,6753,80,,,0,73,,6757,80,,,0,33,,6748,80,,,0,76,,6746,80,,,0,35,,6754,80,,,0,75,,6768,80,,,0,75,,6761,80,,,0,35,,6742,80,,,0,75,,6743,80,,,0,35,,6759,80,,,0,75,,6752,80,,,0,72,,6762,80,,,0,33,,6744,80,,,0,73,,6760,80,,,0,33,,6747,80,,,0,73,,6749,80,,,0,33,,6767,80,,,0,73,,6745,80,,,0,33,,6769,80,,,0,68,,6751,80,,,0,30,,6741,80,,,0,70,,6756,80,,,0,25,,6765,80,,,0
201,'bcaf19fe-11ef-4115-afbb-ac9c5f562f28',823,,6791,80,,,0,33,,6773,80,,,0,73,,6774,80,,,0,73,,6786,80,,,0,33,,6790,80,,,0,73,,6793,80,,,0,33,,6787,80,,,0,73,,6792,80,,,0,33,,6777,80,,,0,73,,6784,80,,,0,33,,6794,80,,,0,73,,6775,80,,,0,33,,6778,80,,,0,73,,6781,80,,,0,73,,6782,80,,,0,33,,6776,80,,,0,73,,6785,80,,,0,33,,6789,80,,,0,73,,6783,80,,,0,33,,6779,80,,,0
201,'bf660328-88ad-42b5-9a19-68afdd8f4a47',823,,6797,80,,,0,33,,6798,80,,,0,73,,6803,80,,,0,73,,6804,80,,,0,33,,6811,80,,,0,73,,6813,80,,,0,33,,6808,80,,,0,73,,6806,80,,,0,33,,6809,80,,,0,73,,6800,80,,,0,33,,6799,80,,,0,73,,6801,80,,,0,33,,6795,80,,,0,73,,6814,80,,,0,73,,6805,80,,,0,33,,6810,80,,,0,73,,6807,80,,,0,33,,6802,80,,,0,73,,6812,80,,,0,33,,6796,80,,,0
201,'ed28f9c7-46cd-41bf-a6ca-237f78214646',823,,6832,80,,,0,33,,6836,80,,,0,73,,6835,80,,,0,73,,6821,80,,,0,33,,6830,80,,,0,73,,6817,80,,,0,33,,6822,80,,,0,73,,6823,80,,,0,33,,6827,80,,,0,73,,6828,80,,,0,33,,6816,80,,,0,73,,6820,80,,,0,33,,6819,80,,,0,73,,6826,80,,,0,73,,6815,80,,,0,33,,6829,80,,,0,73,,6824,80,,,0,33,,6818,80,,,0,73,,6834,80,,,0,33,,6833,80,,,0
