200,'8121286b-fd49-4716-b922-42f8d7dc989c',819,,3511,0,,,0,33,,3493,0,,,0,73,,3503,0,,,0,33,,3495,0,,,0,73,,3504,0,,,0,73,,3501,0,,,0,33,,3505,0,,,0,73,,3509,0,,,0,33,,3500,0,,,0,73,,3499,0,,,0,33,,3502,0,,,0,73,,3507,0,,,0,33,,3492,0,,,0,73,,3496,0,,,0,73,,3498,0,,,0,33,,3510,0,,,0,73,,3506,0,,,0,33,,3513,0,,,0,73,,3494,0,,,0,28,,3512,0,,,0
200,'b3648ede-5954-434f-9b9d-d5f08e1e70ad',819,,3530,0,,,0,33,,3523,0,,,0,73,,3520,0,,,0,33,,3525,0,,,0,73,,3528,0,,,0,73,,3532,0,,,0,33,,3531,0,,,0,73,,3535,0,,,0,33,,3534,0,,,0,73,,3522,0,,,0,33,,3519,0,,,0,73,,3524,0,,,0,33,,3518,0,,,0,73,,3529,0,,,0,73,,3533,0,,,0,33,,3516,0,,,0,73,,3515,0,,,0,33,,3526,0,,,0,73,,3527,0,,,0,28,,3521,0,,,0
200,'c48e9871-c7da-4ae0-bf7c-b3496ea4ba29',713,,3565,0,,,0,33,,3551,0,,,0,73,,3562,0,,,0,33,,3538,0,,,0,73,,3547,0,,,0,33,,3555,0,,,0,73,,3545,0,,,0,73,,3544,0,,,0,33,,3542,0,,,0,73,,3536,0,,,0,33,,3540,0,,,0,73,,3568,0,,,0,33,,3553,0,,,0,73,,3564,0,,,0,33,,3539,0,,,0,73,,3569,0,,,0,73,,3561,0,,,0,33,,3557,0,,,0,73,,3560,0,,,0,33,,3552,0,,,0,73,,3548,0,,,0,33,,3559,0,,,0,73,,3550,0,,,0,33,,3563,0,,,0,73,,3566,0,,,0,33,,3558,0,,,0,73,,3543,0,,,0,73,,3567,0,,,0,33,,3549,0,,,0,70,,3541,0,,,0,23,,3556,0,,,0
200,'d7cebbf2-c439-48e5-af23-2183cbefe818',607,,3580,0,,,0,33,,3599,0,,,0,73,,3596,0,,,0,33,,3571,0,,,0,73,,3603,0,,,0,33,,3572,0,,,0,73,,3604,0,,,0,33,,3570,0,,,0,73,,3581,0,,,0,73,,3602,0,,,0,33,,3589,0,,,0,73,,3578,0,,,0,33,,3575,0,,,0,73,,3579,0,,,0,33,,3600,0,,,0,73,,3587,0,,,0,33,,3573,0,,,0,73,,3594,0,,,0,73,,3595,0,,,0,33,,3582,0,,,0,73,,3593,0,,,0,33,,3574,0,,,0,73,,3598,0,,,0,33,,3601,0,,,0,73,,3592,0,,,0,33,,3597,0,,,0,73,,3590,0,,,0,33,,3591,0,,,0,73,,3585,0,,,0,73,,3576,0,,,0,33,,3583,0,,,0,70,,3577,0,,,0,23,,3586,0,,,0
201,'8121286b-fd49-4716-b922-42f8d7dc989c',842,,3611,215,4,,0,73,,3617,215,4,,0,33,,3622,215,4,,0,73,,3609,215,4,,0,33,,3608,215,4,,0,73,,3612,215,4,,0,73,,3615,215,4,,0,33,,3605,215,4,,0,73,,3618,215,4,,0,33,,3610,215,4,,0,73,,3614,215,4,,0,33,,3624,215,4,,0,73,,3621,215,4,,0,33,,3619,215,4,,0,73,,3607,215,4,,0,33,,3616,215,4,,0,73,,3606,215,4,,0,73,,3613,215,4,,0,33,,3620,215,4,,0,73,,3623,215,4,,0
201,'b3648ede-5954-434f-9b9d-d5f08e1e70ad',842,,3631,215,4,,0,73,,3645,215,4,,0,33,,3635,215,4,,0,73,,3633,215,4,,0,33,,3627,215,4,,0,73,,3634,215,4,,0,73,,3640,215,4,,0,33,,3632,215,4,,0,73,,3646,215,4,,0,33,,3630,215,4,,0,73,,3642,215,4,,0,33,,3638,215,4,,0,73,,3637,215,4,,0,33,,3639,215,4,,0,73,,3629,215,4,,0,33,,3626,215,4,,0,73,,3643,215,4,,0,73,,3625,215,4,,0,33,,3644,215,4,,0,73,,3641,215,4,,0
201,'c48e9871-c7da-4ae0-bf7c-b3496ea4ba29',736,,3663,215,4,,0,73,,3649,215,4,,0,33,,3660,215,4,,0,73,,3666,215,4,,0,33,,3652,215,4,,0,73,,3667,215,4,,0,33,,3677,215,4,,0,73,,3650,215,4,,0,73,,3647,215,4,,0,33,,3675,215,4,,0,73,,3661,215,4,,0,33,,3672,215,4,,0,73,,3653,215,4,,0,33,,3670,215,4,,0,73,,3658,215,4,,0,33,,3655,215,4,,0,73,,3662,215,4,,0,33,,3671,215,4,,0,73,,3678,215,4,,0,73,,3651,215,4,,0,33,,3674,215,4,,0,73,,3676,215,4,,0,33,,3654,215,4,,0,73,,3673,215,4,,0,33,,3657,215,4,,0,73,,3669,215,4,,0,33,,3668,215,4,,0,73,,3659,215,4,,0,30,,3656,215,4,,0,70,,3665,215,4,,0,32,,3664,215,4,,0
201,'d7cebbf2-c439-48e5-af23-2183cbefe818',630,,3695,215,4,,0,73,,3682,215,4,,0,33,,3710,215,4,,0,73,,3679,215,4,,0,33,,3684,215,4,,0,73,,3686,215,4,,0,33,,3702,215,4,,0,73,,3706,215,4,,0,33,,3713,215,4,,0,73,,3705,215,4,,0,73,,3689,215,4,,0,33,,3692,215,4,,0,73,,3700,215,4,,0,33,,3696,215,4,,0,73,,3699,215,4,,0,33,,3703,215,4,,0,73,,3712,215,4,,0,33,,3698,215,4,,0,73,,3697,215,4,,0,33,,3688,215,4,,0,73,,3707,215,4,,0,73,,3685,215,4,,0,33,,3709,215,4,,0,73,,3708,215,4,,0,33,,3691,215,4,,0,73,,3681,215,4,,0,33,,3693,215,4,,0,73,,3680,215,4,,0,33,,3683,215,4,,0,73,,3690,215,4,,0,30,,3687,215,4,,0,70,,3704,215,4,,0,32,,3701,215,4,,0
5200,'c48e9871-c7da-4ae0-bf7c-b3496ea4ba29',736,,4219,133,4,,0,80,,4216,133,4,,0,40,,4215,133,4,,0,80,,4218,133,4,,0,80,,4229,133,4,,0,40,,4221,133,4,,0,80,,4230,133,4,,0,80,,4228,133,4,,0,40,,4226,133,4,,0,80,,4222,133,4,,0,80,,4231,133,4,,0,40,,4217,133,4,,0,80,,4220,133,4,,0,80,,4224,133,4,,0,40,,4223,133,4,,0,80,,4232,133,4,,0,80,,4227,133,4,,0,35,,4225,133,4,,0
5200,'d7cebbf2-c439-48e5-af23-2183cbefe818',656,,4243,133,4,,0,80,,4238,133,4,,0,80,,4237,133,4,,0,40,,4248,133,4,,0,80,,4241,133,4,,0,80,,4242,133,4,,0,40,,4251,133,4,,0,80,,4245,133,4,,0,80,,4239,133,4,,0,40,,4250,133,4,,0,80,,4247,133,4,,0,80,,4244,133,4,,0,40,,4240,133,4,,0,80,,4249,133,4,,0,80,,4233,133,4,,0,40,,4246,133,4,,0,80,,4234,133,4,,0,80,,4235,133,4,,0,35,,4236,133,4,,0
5201,'c48e9871-c7da-4ae0-bf7c-b3496ea4ba29',655,,4267,0,,,0,81,,4268,0,,,0,80,,4255,0,,,0,40,,4260,0,,,0,80,,4258,0,,,0,80,,4259,0,,,0,40,,4254,0,,,0,80,,4257,0,,,0,80,,4264,0,,,0,40,,4262,0,,,0,80,,4252,0,,,0,80,,4263,0,,,0,40,,4269,0,,,0,80,,4253,0,,,0,80,,4261,0,,,0,40,,4256,0,,,0,80,,4266,0,,,0,80,,4265,0,,,0
5201,'d7cebbf2-c439-48e5-af23-2183cbefe818',600,,4274,0,,,0,20,,4270,0,,,0,36,,4287,0,,,0,80,,4278,0,,,0,80,,4286,0,,,0,40,,4289,0,,,0,80,,4271,0,,,0,80,,4285,0,,,0,40,,4279,0,,,0,80,,4283,0,,,0,80,,4277,0,,,0,40,,4288,0,,,0,80,,4276,0,,,0,80,,4273,0,,,0,40,,4280,0,,,0,80,,4281,0,,,0,80,,4275,0,,,0,40,,4282,0,,,0,80,,4284,0,,,0,80,,4272,0,,,0
