401,'312abbf0-fdea-4eb9-96c5-7a94145aceb2',705,,5620,73,,,0,34,,5614,73,,,0,72,,5633,73,,,0,33,,5629,73,,,0,73,,5636,73,,,0,33,,5637,73,,,0,73,,5621,73,,,0,33,,5627,73,,,0,73,,5610,73,,,0,73,,5609,73,,,0,33,,5640,73,,,0,73,,5634,73,,,0,35,,5639,73,,,0,78,,5615,73,,,0,35,,5638,73,,,0,75,,5612,73,,,0,75,,5616,73,,,0,35,,5626,73,,,0,75,,5631,73,,,0,34,,5617,73,,,0,75,,5625,73,,,0,32,,5619,73,,,0,72,,5632,73,,,0,74,,5613,73,,,0,33,,5622,73,,,0,73,,5618,73,,,0,33,,5608,73,,,0,73,,5611,73,,,0,29,,5628,73,,,0,67,,5623,73,,,0,25,,5630,73,,,0,19,,5624,73,,,0
401,'66e3ca25-c949-45bf-aa5b-2bde8ae66f69',811,,5646,73,,,0,33,,5655,73,,,0,73,,5659,73,,,0,33,,5642,73,,,0,73,,5661,73,,,0,33,,5650,73,,,0,73,,5649,73,,,0,73,,5654,73,,,0,33,,5651,73,,,0,73,,5644,73,,,0,33,,5662,73,,,0,73,,5652,73,,,0,33,,5647,73,,,0,73,,5645,73,,,0,33,,5658,73,,,0,73,,5656,73,,,0,33,,5657,73,,,0,73,,5660,73,,,0,73,,5641,73,,,0,33,,5648,73,,,0,73,,5653,73,4,,0
401,'9ba31bfb-7050-4158-afae-0ffd0d63aa0c',811,,5673,73,,,0,33,,5671,73,,,0,73,,5684,73,,,0,33,,5664,73,,,0,73,,5674,73,,,0,33,,5672,73,,,0,73,,5677,73,,,0,73,,5680,73,,,0,33,,5683,73,,,0,73,,5667,73,,,0,33,,5668,73,,,0,73,,5663,73,,,0,33,,5675,73,,,0,73,,5679,73,,,0,33,,5665,73,,,0,73,,5682,73,,,0,33,,5676,73,,,0,73,,5666,73,,,0,73,,5670,73,,,0,33,,5681,73,,,0,73,,5678,73,4,,0
401,'a6a1e58d-53c4-44f8-9966-8649a3a2e257',634,,5707,73,,,0,71,,5696,73,,,0,34,,5688,73,,,0,72,,5702,73,,,0,33,,5693,73,,,0,73,,5712,73,,,0,33,,5699,73,,,0,73,,5686,73,,,0,33,,5697,73,,,0,73,,5713,73,,,0,73,,5715,73,,,0,33,,5706,73,,,0,73,,5687,73,,,0,35,,5685,73,,,0,78,,5689,73,,,0,35,,5704,73,,,0,75,,5705,73,,,0,75,,5708,73,,,0,35,,5701,73,,,0,75,,5700,73,,,0,34,,5694,73,,,0,75,,5716,73,,,0,32,,5692,73,,,0,72,,5710,73,,,0,74,,5690,73,,,0,33,,5703,73,,,0,73,,5717,73,,,0,33,,5698,73,,,0,73,,5709,73,,,0,29,,5695,73,,,0,67,,5711,73,,,0,25,,5691,73,,,0,19,,5714,73,,,0
401,'cdcafeae-7da3-4ec3-beeb-64e1ab4dbc4b',811,,5737,73,,,0,33,,5745,73,,,0,73,,5729,73,,,0,33,,5736,73,,,0,73,,5746,73,,,0,33,,5726,73,,,0,73,,5721,73,,,0,73,,5743,73,,,0,33,,5731,73,,,0,73,,5741,73,,,0,33,,5732,73,,,0,73,,5718,73,,,0,33,,5739,73,,,0,73,,5734,73,,,0,33,,5719,73,,,0,73,,5724,73,,,0,33,,5738,73,,,0,73,,5725,73,,,0,73,,5722,73,,,0,33,,5733,73,,,0,73,,5720,73,,,0,28,,5740,73,,,0,70,,5744,73,,,0,33,,5735,73,,,0,73,,5730,73,,,0,33,,5723,73,,,0,106,,5727,73,,,0
6200,'a6a1e58d-53c4-44f8-9966-8649a3a2e257',723,,5999,43,4,,0,35,,6003,43,4,,0,80,,6011,43,4,,0,80,,6006,43,4,,0,40,,6007,43,4,,0,80,,6009,43,4,,0,80,,5993,43,4,,0,40,,5997,43,4,,0,80,,5988,43,4,,0,80,,5992,43,4,,0,40,,5995,43,4,,0,80,,6008,43,4,,0,80,,5996,43,4,,0,40,,6001,43,4,,0,80,,5989,43,4,,0,80,,6000,43,4,,0,40,,6005,43,4,,0,80,,6002,43,4,,0,80,,6010,43,4,,0,40,,5994,43,4,,0,80,,5991,43,4,,0,80,,5990,43,4,,0,35,,5998,43,4,,0,75,,6004,43,4,,0
6201,'a6a1e58d-53c4-44f8-9966-8649a3a2e257',650,,6033,0,,,0,75,,6027,0,,,0,80,,6032,0,,,0,40,,6023,0,,,0,80,,6029,0,,,0,80,,6014,0,,,0,40,,6019,0,,,0,80,,6026,0,,,0,80,,6025,0,,,0,40,,6017,0,,,0,80,,6018,0,,,0,80,,6034,0,,,0,40,,6016,0,,,0,80,,6022,0,,,0,80,,6035,0,,,0,40,,6015,0,,,0,80,,6024,0,,,0,80,,6012,0,,,0,40,,6031,0,,,0,80,,6013,0,,,0,80,,6030,0,,,0,40,,6021,0,,,0,75,,6028,0,,,0,35,,6020,0,,,0
1006000,'a6a1e58d-53c4-44f8-9966-8649a3a2e257',711,,6036,185,4,,0,96,,6048,185,4,,0,100,,6042,185,4,,0,105,,6044,185,4,,0,100,,6043,185,4,,0,100,,6045,185,4,,0,100,,6047,185,4,,0,100,,6040,185,4,,0,100,,6037,185,4,,0,105,,6046,185,4,,0,100,,6038,185,4,,0,100,,6041,185,4,,0,100,,6039,183,4,,0
1006001,'a6a1e58d-53c4-44f8-9966-8649a3a2e257',645,,6053,0,,,0,100,,6051,0,,,0,105,,6049,0,,,0,100,,6055,0,,,0,100,,6059,0,,,0,100,,6058,0,,,0,100,,6052,0,,,0,100,,6056,0,,,0,105,,6057,0,,,0,100,,6060,0,,,0,100,,6054,0,,,0,100,,6050,0,,,0
2006000,'a6a1e58d-53c4-44f8-9966-8649a3a2e257',643,,6105,97,4,,0,94,,6102,97,4,,0,100,,6101,97,4,,0,105,,6104,97,4,,0,100,,6106,97,4,,0,100,,6100,97,4,,0,100,,6099,97,4,,0,100,,6109,97,4,,0,100,,6098,97,4,,0,105,,6103,97,4,,0,100,,6108,97,4,,0,100,,6107,97,4,,0,100,,6097,96,4,,0
2006001,'a6a1e58d-53c4-44f8-9966-8649a3a2e257',715,,6114,0,,,0,100,,6119,0,,,0,105,,6117,0,,,0,100,,6120,0,,,0,100,,6121,0,,,0,100,,6110,0,,,0,100,,6115,0,,,0,100,,6116,0,,,0,105,,6113,0,,,0,100,,6111,0,,,0,100,,6118,0,,,0,100,,6112,0,,,0
3006000,'312abbf0-fdea-4eb9-96c5-7a94145aceb2',718,,6157,78,4,,0,41,,6166,78,4,,0,85,,6177,78,4,,0,85,,6171,78,4,,0,85,,6179,78,4,,0,45,,6173,78,4,,0,85,,6175,78,4,,0,85,,6158,78,4,,0,85,,6165,78,4,,0,45,,6161,78,4,,0,85,,6163,78,4,,0,85,,6168,78,4,,0,85,,6167,78,4,,0,45,,6178,78,4,,0,85,,6159,78,4,,0,85,,6164,78,4,,0,85,,6176,78,4,,0,45,,6172,78,4,,0,85,,6170,78,4,,0,85,,6162,78,4,,0,85,,6169,78,4,,0,45,,6160,78,4,,0,85,,6174,81,4,,0
3006000,'66e3ca25-c949-45bf-aa5b-2bde8ae66f69',818,,6180,78,4,,0,41,,6189,78,4,,0,85,,6191,78,4,,0,85,,6185,78,4,,0,85,,6183,78,4,,0,45,,6181,78,4,,0,85,,6184,78,4,,0,85,,6192,78,4,,0,85,,6182,78,4,,0,45,,6193,78,4,,0,85,,6194,78,4,,0,85,,6188,78,4,,0,85,,6186,78,4,,0,45,,6190,78,4,,0,85,,6187,81,4,,0
3006000,'9ba31bfb-7050-4158-afae-0ffd0d63aa0c',818,,6199,78,4,,0,41,,6198,78,4,,0,85,,6196,78,4,,0,85,,6209,78,4,,0,85,,6205,78,4,,0,45,,6201,78,4,,0,85,,6200,78,4,,0,85,,6204,78,4,,0,85,,6206,78,4,,0,45,,6208,78,4,,0,85,,6203,78,4,,0,85,,6207,78,4,,0,85,,6197,78,4,,0,45,,6195,78,4,,0,85,,6202,81,4,,0
3006000,'a6a1e58d-53c4-44f8-9966-8649a3a2e257',1959,,6214,78,4,,0,85,,6213,78,4,,0,85,,6215,78,4,,0,85,,6210,78,4,,0,45,,6211,78,4,,0,85,,6212,81,4,,0
3006000,'cdcafeae-7da3-4ec3-beeb-64e1ab4dbc4b',818,,6221,78,4,,0,41,,6227,78,4,,0,85,,6226,78,4,,0,85,,6223,78,4,,0,85,,6224,78,4,,0,45,,6230,78,4,,0,85,,6229,78,4,,0,85,,6228,78,4,,0,85,,6219,78,4,,0,45,,6225,78,4,,0,85,,6222,78,4,,0,85,,6218,78,4,,0,85,,6216,78,4,,0,45,,6217,78,4,,0,85,,6220,81,4,,0
3006001,'312abbf0-fdea-4eb9-96c5-7a94145aceb2',720,,6242,0,,,0,85,,6231,0,,,0,45,,6236,0,,,0,85,,6240,0,,,0,85,,6243,0,,,0,85,,6237,0,,,0,45,,6246,0,,,0,85,,6244,0,,,0,85,,6234,0,,,0,85,,6245,0,,,0,45,,6233,0,,,0,85,,6250,0,,,0,85,,6247,0,,,0,85,,6239,0,,,0,45,,6241,0,,,0,85,,6251,0,,,0,85,,6252,0,,,0,85,,6235,0,,,0,45,,6248,0,,,0,85,,6249,0,,,0,85,,6238,0,,,0,85,,6232,0,,,0
3006001,'66e3ca25-c949-45bf-aa5b-2bde8ae66f69',820,,6254,0,,,0,85,,6257,0,,,0,45,,6266,0,,,0,85,,6256,0,,,0,85,,6260,0,,,0,85,,6263,0,,,0,45,,6261,0,,,0,85,,6264,0,,,0,85,,6265,0,,,0,85,,6255,0,,,0,45,,6259,0,,,0,85,,6258,0,,,0,85,,6253,0,,,0,85,,6262,0,,,0
3006001,'9ba31bfb-7050-4158-afae-0ffd0d63aa0c',820,,6270,0,,,0,85,,6275,0,,,0,45,,6279,0,,,0,85,,6278,0,,,0,85,,6274,0,,,0,85,,6272,0,,,0,45,,6268,0,,,0,85,,6267,0,,,0,85,,6276,0,,,0,85,,6277,0,,,0,45,,6273,0,,,0,85,,6269,0,,,0,85,,6271,0,,,0,85,,6280,0,,,0
3006001,'a6a1e58d-53c4-44f8-9966-8649a3a2e257',1920,,6281,0,,,0,85,,6284,0,,,0,45,,6286,0,,,0,85,,6282,0,,,0,85,,6283,0,,,0,85,,6285,0,,,0
3006001,'cdcafeae-7da3-4ec3-beeb-64e1ab4dbc4b',820,,6287,0,,,0,85,,6297,0,,,0,45,,6298,0,,,0,85,,6295,0,,,0,85,,6299,0,,,0,85,,6288,0,,,0,45,,6289,0,,,0,85,,6291,0,,,0,85,,6290,0,,,0,85,,6293,0,,,0,45,,6300,0,,,0,85,,6296,0,,,0,85,,6294,0,,,0,85,,6292,0,,,0
