400,'1fe0d92c-9044-4814-8d20-55198bafd146',633,,7122,62,,,0,73,,7115,62,,,0,32,,7137,62,,,0,74,,7134,62,,,0,32,,7117,62,,,0,73,,7109,62,,,0,33,,7126,62,,,0,73,,7129,62,,,0,33,,7135,62,,,0,73,,7114,62,,,0,73,,7121,62,,,0,33,,7110,62,,,0,73,,7127,62,,,0,33,,7116,62,,,0,76,,7108,62,,,0,38,,7111,62,,,0,76,,7119,62,,,0,76,,7106,62,,,0,35,,7123,62,,,0,75,,7136,62,,,0,32,,7124,62,,,0,74,,7128,62,,,0,35,,7138,62,,,0,72,,7131,62,,,0,72,,7132,62,,,0,34,,7112,62,,,0,73,,7105,62,,,0,33,,7118,62,,,0,68,,7107,62,,,0,30,,7133,62,,,0,65,,7130,62,,,0,27,,7104,62,,,0
400,'9ecf710c-601d-465c-83ad-25c219925bad',706,,7148,62,,,0,32,,7155,62,,,0,75,,7159,62,,,0,31,,7143,62,,,0,73,,7154,62,,,0,33,,7144,62,,,0,73,,7153,62,,,0,33,,7151,62,,,0,73,,7168,62,,,0,73,,7167,62,,,0,33,,7146,62,,,0,73,,7139,62,,,0,33,,7156,62,,,0,76,,7161,62,,,0,38,,7162,62,,,0,76,,7166,62,,,0,76,,7141,62,,,0,35,,7160,62,,,0,75,,7163,62,,,0,32,,7140,62,,,0,74,,7157,62,,,0,35,,7149,62,,,0,72,,7169,62,,,0,72,,7145,62,,,0,34,,7165,62,,,0,73,,7152,62,,,0,33,,7142,62,,,0,68,,7164,62,,,0,30,,7147,62,,,0,65,,7158,62,,,0,27,,7170,62,,,0
400,'bcaf19fe-11ef-4115-afbb-ac9c5f562f28',813,,7179,62,,,0,31,,7181,62,,,0,73,,7185,62,,,0,33,,7197,62,,,0,73,,7188,62,,,0,33,,7173,62,,,0,73,,7194,62,,,0,73,,7193,62,,,0,33,,7186,62,,,0,73,,7191,62,,,0,33,,7198,62,,,0,73,,7195,62,,,0,33,,7189,62,,,0,73,,7174,62,,,0,33,,7171,62,,,0,73,,7190,62,,,0,33,,7184,62,,,0,73,,7177,62,,,0,73,,7183,62,,,0,33,,7199,62,,,0,73,,7192,62,,,0,33,,7182,62,,,0,68,,7180,62,,,0,30,,7176,62,,,0,73,,7175,62,,,0,33,,7172,62,,,0,66,,7178,62,,,0,109,,7196,62,,,0
400,'bf660328-88ad-42b5-9a19-68afdd8f4a47',813,,7216,62,,,0,31,,7208,62,,,0,73,,7205,62,,,0,33,,7206,62,,,0,73,,7201,62,,,0,33,,7219,62,,,0,73,,7202,62,,,0,73,,7204,62,,,0,33,,7213,62,,,0,73,,7212,62,,,0,33,,7218,62,,,0,73,,7214,62,,,0,33,,7200,62,,,0,73,,7217,62,,,0,33,,7211,62,,,0,73,,7203,62,,,0,33,,7209,62,,,0,73,,7207,62,,,0,73,,7215,62,,,0,33,,7210,62,,,0
400,'ed28f9c7-46cd-41bf-a6ca-237f78214646',813,,7225,62,,,0,31,,7227,62,,,0,73,,7234,62,,,0,33,,7236,62,,,0,73,,7222,62,,,0,33,,7224,62,,,0,73,,7221,62,,,0,73,,7233,62,,,0,33,,7232,62,,,0,73,,7240,62,,,0,33,,7220,62,,,0,73,,7228,62,,,0,33,,7237,62,,,0,73,,7235,62,,,0,33,,7231,62,,,0,73,,7226,62,,,0,33,,7239,62,,,0,73,,7223,62,,,0,73,,7238,62,,,0,33,,7230,62,,,0
1006000,'1fe0d92c-9044-4814-8d20-55198bafd146',709,,7681,177,,,0,96,,7669,177,,,0,100,,7677,177,,,0,105,,7671,177,,,0,100,,7676,177,,,0,100,,7673,177,,,0,100,,7672,177,,,0,100,,7680,177,,,0,100,,7679,177,,,0,105,,7674,177,,,0,100,,7678,177,,,0,100,,7675,177,,,0,100,,7670,175,,,0
2006000,'1fe0d92c-9044-4814-8d20-55198bafd146',641,,7739,91,,,0,94,,7732,91,,,0,100,,7735,91,,,0,105,,7741,91,,,0,100,,7730,91,,,0,100,,7740,91,,,0,100,,7736,91,,,0,100,,7738,91,,,0,100,,7742,91,,,0,105,,7734,91,,,0,100,,7731,91,,,0,100,,7733,91,,,0,100,,7737,90,,,0
3006000,'1fe0d92c-9044-4814-8d20-55198bafd146',1957,,7795,73,,,0,85,,7792,73,,,0,85,,7791,73,,,0,85,,7794,73,,,0,45,,7790,73,,,0,85,,7793,76,,,0
3006000,'9ecf710c-601d-465c-83ad-25c219925bad',716,,7807,73,,,0,41,,7813,73,,,0,85,,7808,73,,,0,85,,7816,73,,,0,85,,7803,73,,,0,45,,7812,73,,,0,85,,7800,73,,,0,85,,7815,73,,,0,85,,7798,73,,,0,45,,7801,73,,,0,85,,7802,73,,,0,85,,7806,73,,,0,85,,7809,73,,,0,45,,7814,73,,,0,85,,7804,73,,,0,85,,7810,73,,,0,85,,7818,73,,,0,45,,7799,73,,,0,85,,7797,73,,,0,85,,7811,73,,,0,85,,7805,73,,,0,45,,7817,73,,,0,85,,7796,76,,,0
3006000,'bcaf19fe-11ef-4115-afbb-ac9c5f562f28',816,,7823,73,,,0,41,,7833,73,,,0,85,,7828,73,,,0,85,,7830,73,,,0,85,,7831,73,,,0,45,,7825,73,,,0,85,,7827,73,,,0,85,,7832,73,,,0,85,,7824,73,,,0,45,,7826,73,,,0,85,,7822,73,,,0,85,,7819,73,,,0,85,,7820,73,,,0,45,,7829,73,,,0,85,,7821,76,,,0
3006000,'bf660328-88ad-42b5-9a19-68afdd8f4a47',816,,7847,73,,,0,41,,7835,73,,,0,85,,7844,73,,,0,85,,7836,73,,,0,85,,7842,73,,,0,45,,7837,73,,,0,85,,7848,73,,,0,85,,7839,73,,,0,85,,7834,73,,,0,45,,7843,73,,,0,85,,7840,73,,,0,85,,7838,73,,,0,85,,7846,73,,,0,45,,7845,73,,,0,85,,7841,76,,,0
3006000,'ed28f9c7-46cd-41bf-a6ca-237f78214646',816,,7862,73,,,0,41,,7850,73,,,0,85,,7853,73,,,0,85,,7854,73,,,0,85,,7861,73,,,0,45,,7860,73,,,0,85,,7852,73,,,0,85,,7859,73,,,0,85,,7858,73,,,0,45,,7855,73,,,0,85,,7849,73,,,0,85,,7857,73,,,0,85,,7856,73,,,0,45,,7863,73,,,0,85,,7851,76,,,0
