400,'312abbf0-fdea-4eb9-96c5-7a94145aceb2',653,,5486,0,,,0,72,,5496,0,,,0,75,,5495,0,,,0,31,,5492,0,,,0,73,,5478,0,,,0,33,,5479,0,,,0,73,,5500,0,,,0,33,,5475,0,,,0,73,,5474,0,,,0,33,,5471,0,,,0,73,,5493,0,,,0,33,,5481,0,,,0,73,,5485,0,,,0,76,,5482,0,,,0,38,,5476,0,,,0,76,,5487,0,,,0,36,,5498,0,,,0,75,,5484,0,,,0,75,,5490,0,,,0,32,,5501,0,,,0,74,,5497,0,,,0,35,,5499,0,,,0,72,,5472,0,,,0,32,,5483,0,,,0,74,,5491,0,,,0,33,,5489,0,,,0,73,,5494,0,,,0,71,,5473,0,,,0,30,,5477,0,,,0,25,,5502,0,,,0,67,,5480,0,,,0
400,'66e3ca25-c949-45bf-aa5b-2bde8ae66f69',800,,5520,0,,,0,31,,5504,0,,,0,73,,5514,0,,,0,33,,5507,0,,,0,73,,5511,0,,,0,33,,5513,0,,,0,73,,5522,0,,,0,33,,5518,0,,,0,73,,5506,0,,,0,33,,5503,0,,,0,73,,5519,0,,,0,73,,5516,0,,,0,33,,5508,0,,,0,73,,5515,0,,,0,33,,5505,0,,,0,73,,5521,0,,,0,33,,5517,0,,,0,73,,5510,0,,,0,33,,5509,0,,,0,73,,5512,0,,,0
400,'9ba31bfb-7050-4158-afae-0ffd0d63aa0c',800,,5536,0,,,0,31,,5527,0,,,0,73,,5531,0,,,0,33,,5535,0,,,0,73,,5529,0,,,0,33,,5539,0,,,0,73,,5541,0,,,0,33,,5537,0,,,0,73,,5543,0,,,0,33,,5533,0,,,0,73,,5525,0,,,0,73,,5526,0,,,0,33,,5534,0,,,0,73,,5524,0,,,0,33,,5528,0,,,0,73,,5542,0,,,0,33,,5540,0,,,0,73,,5523,0,,,0,33,,5532,0,,,0,73,,5530,0,,,0
400,'a6a1e58d-53c4-44f8-9966-8649a3a2e257',620,,5561,0,,,0,33,,5566,0,,,0,72,,5553,0,,,0,34,,5573,0,,,0,72,,5578,0,,,0,73,,5570,0,,,0,33,,5545,0,,,0,73,,5554,0,,,0,33,,5571,0,,,0,73,,5547,0,,,0,33,,5558,0,,,0,73,,5575,0,,,0,33,,5559,0,,,0,73,,5550,0,,,0,76,,5562,0,,,0,38,,5556,0,,,0,76,,5557,0,,,0,36,,5549,0,,,0,75,,5567,0,,,0,75,,5564,0,,,0,32,,5569,0,,,0,74,,5552,0,,,0,35,,5555,0,,,0,72,,5574,0,,,0,32,,5565,0,,,0,74,,5563,0,,,0,33,,5577,0,,,0,73,,5548,0,,,0,71,,5576,0,,,0,30,,5568,0,,,0,25,,5546,0,,,0,67,,5551,0,,,0
400,'cdcafeae-7da3-4ec3-beeb-64e1ab4dbc4b',800,,5579,0,,,0,31,,5602,0,,,0,73,,5601,0,,,0,33,,5585,0,,,0,73,,5589,0,,,0,33,,5605,0,,,0,73,,5581,0,,,0,33,,5604,0,,,0,73,,5597,0,,,0,33,,5592,0,,,0,73,,5588,0,,,0,73,,5603,0,,,0,33,,5600,0,,,0,73,,5590,0,,,0,33,,5595,0,,,0,73,,5598,0,,,0,33,,5587,0,,,0,73,,5583,0,,,0,33,,5582,0,,,0,73,,5606,0,,,0,33,,5591,0,,,0,73,,5596,0,,,0,28,,5584,0,,,0,70,,5586,0,,,0,73,,5599,0,,,0,33,,5607,0,,,0,66,,5593,0,,,0,109,,5580,0,,,0
401,'312abbf0-fdea-4eb9-96c5-7a94145aceb2',718,,5620,139,4,,0,34,,5614,139,4,,0,72,,5633,139,4,,0,33,,5629,139,4,,0,73,,5636,139,4,,0,73,,5637,139,4,,0,33,,5621,139,4,,0,73,,5627,139,4,,0,33,,5610,139,4,,0,73,,5609,139,4,,0,33,,5640,139,4,,0,73,,5634,139,4,,0,35,,5639,139,4,,0,78,,5615,139,4,,0,75,,5638,139,4,,0,35,,5612,139,4,,0,75,,5616,139,4,,0,35,,5626,139,4,,0,75,,5631,139,4,,0,74,,5617,139,4,,0,35,,5625,139,4,,0,72,,5619,139,4,,0,32,,5632,139,4,,0,74,,5613,139,4,,0,33,,5622,139,4,,0,73,,5618,139,4,,0,33,,5608,139,4,,0,73,,5611,139,4,,0,27,,5628,139,4,,0,67,,5623,139,4,,0,25,,5630,139,4,,0,59,,5624,139,4,,0
401,'66e3ca25-c949-45bf-aa5b-2bde8ae66f69',824,,5646,139,4,,0,33,,5655,139,4,,0,73,,5659,139,4,,0,73,,5642,139,4,,0,33,,5661,139,4,,0,73,,5650,139,4,,0,33,,5649,139,4,,0,73,,5654,139,4,,0,33,,5651,139,4,,0,73,,5644,139,4,,0,33,,5662,139,4,,0,73,,5652,139,4,,0,73,,5647,139,4,,0,33,,5645,139,4,,0,73,,5658,139,4,,0,33,,5656,139,4,,0,73,,5657,139,4,,0,33,,5660,139,4,,0,73,,5641,139,4,,0,33,,5648,139,4,,0
401,'9ba31bfb-7050-4158-afae-0ffd0d63aa0c',824,,5673,139,4,,0,33,,5671,139,4,,0,73,,5684,139,4,,0,73,,5664,139,4,,0,33,,5674,139,4,,0,73,,5672,139,4,,0,33,,5677,139,4,,0,73,,5680,139,4,,0,33,,5683,139,4,,0,73,,5667,139,4,,0,33,,5668,139,4,,0,73,,5663,139,4,,0,73,,5675,139,4,,0,33,,5679,139,4,,0,73,,5665,139,4,,0,33,,5682,139,4,,0,73,,5676,139,4,,0,33,,5666,139,4,,0,73,,5670,139,4,,0,33,,5681,139,4,,0
401,'a6a1e58d-53c4-44f8-9966-8649a3a2e257',647,,5707,139,4,,0,71,,5696,139,4,,0,34,,5688,139,4,,0,72,,5702,139,4,,0,33,,5693,139,4,,0,73,,5712,139,4,,0,73,,5699,139,4,,0,33,,5686,139,4,,0,73,,5697,139,4,,0,33,,5713,139,4,,0,73,,5715,139,4,,0,33,,5706,139,4,,0,73,,5687,139,4,,0,35,,5685,139,4,,0,78,,5689,139,4,,0,75,,5704,139,4,,0,35,,5705,139,4,,0,75,,5708,139,4,,0,35,,5701,139,4,,0,75,,5700,139,4,,0,74,,5694,139,4,,0,35,,5716,139,4,,0,72,,5692,139,4,,0,32,,5710,139,4,,0,74,,5690,139,4,,0,33,,5703,139,4,,0,73,,5717,139,4,,0,33,,5698,139,4,,0,73,,5709,139,4,,0,27,,5695,139,4,,0,67,,5711,139,4,,0,25,,5691,139,4,,0,59,,5714,139,4,,0
401,'cdcafeae-7da3-4ec3-beeb-64e1ab4dbc4b',824,,5737,139,4,,0,33,,5745,139,4,,0,73,,5729,139,4,,0,73,,5736,139,4,,0,33,,5746,139,4,,0,73,,5726,139,4,,0,33,,5721,139,4,,0,73,,5743,139,4,,0,33,,5731,139,4,,0,73,,5741,139,4,,0,33,,5732,139,4,,0,73,,5718,139,4,,0,73,,5739,139,4,,0,33,,5734,139,4,,0,73,,5719,139,4,,0,33,,5724,139,4,,0,73,,5738,139,4,,0,33,,5725,139,4,,0,73,,5722,139,4,,0,33,,5733,139,4,,0,73,,5720,139,4,,0,28,,5740,139,4,,0,70,,5744,139,4,,0,33,,5735,139,4,,0,73,,5730,139,4,,0,73,,5723,139,4,,0,106,,5727,139,4,,0
5300,'312abbf0-fdea-4eb9-96c5-7a94145aceb2',712,,5915,94,4,,0,30,,5895,94,4,,0,70,,5899,94,4,,0,30,,5894,94,4,,0,70,,5902,94,4,,0,30,,5911,94,4,,0,70,,5916,94,4,,0,30,,5913,94,4,,0,70,,5898,94,4,,0,30,,5908,94,4,,0,70,,5900,94,4,,0,30,,5914,94,4,,0,70,,5897,94,4,,0,30,,5896,94,4,,0,70,,5905,94,4,,0,35,,5904,94,4,,0,75,,5910,94,4,,0,35,,5907,94,4,,0,75,,5909,94,4,,0,75,,5906,94,4,,0,35,,5903,94,4,,0,75,,5901,94,4,,0,30,,5912,95,4,,0
5300,'a6a1e58d-53c4-44f8-9966-8649a3a2e257',612,,5927,94,4,,0,30,,5917,94,4,,0,70,,5922,94,4,,0,30,,5935,94,4,,0,70,,5936,94,4,,0,30,,5921,94,4,,0,70,,5929,94,4,,0,30,,5925,94,4,,0,70,,5926,94,4,,0,30,,5939,94,4,,0,70,,5931,94,4,,0,30,,5923,94,4,,0,70,,5930,94,4,,0,30,,5938,94,4,,0,70,,5918,94,4,,0,30,,5932,94,4,,0,70,,5940,94,4,,0,35,,5937,94,4,,0,75,,5934,94,4,,0,35,,5920,94,4,,0,75,,5924,94,4,,0,75,,5919,94,4,,0,35,,5941,94,4,,0,75,,5928,94,4,,0,30,,5933,95,4,,0
5301,'312abbf0-fdea-4eb9-96c5-7a94145aceb2',712,,5951,0,,,0,30,,5954,0,,,0,70,,5948,0,,,0,30,,5942,0,,,0,70,,5955,0,,,0,30,,5947,0,,,0,70,,5957,0,,,0,30,,5959,0,,,0,70,,5950,0,,,0,30,,5953,0,,,0,70,,5962,0,,,0,30,,5956,0,,,0,70,,5960,0,,,0,30,,5943,0,,,0,75,,5952,0,,,0,35,,5949,0,,,0,75,,5945,0,,,0,75,,5961,0,,,0,35,,5958,0,,,0,75,,5946,0,,,0,35,,5963,0,,,0,75,,5944,0,,,0
5301,'a6a1e58d-53c4-44f8-9966-8649a3a2e257',613,,5968,0,,,0,29,,5976,0,,,0,70,,5981,0,,,0,30,,5980,0,,,0,70,,5979,0,,,0,30,,5967,0,,,0,70,,5984,0,,,0,30,,5986,0,,,0,70,,5964,0,,,0,30,,5966,0,,,0,70,,5978,0,,,0,30,,5974,0,,,0,70,,5973,0,,,0,30,,5975,0,,,0,70,,5983,0,,,0,30,,5971,0,,,0,75,,5972,0,,,0,35,,5987,0,,,0,75,,5970,0,,,0,75,,5977,0,,,0,35,,5985,0,,,0,75,,5969,0,,,0,35,,5982,0,,,0,75,,5965,0,,,0
