101,'1fe0d92c-9044-4814-8d20-55198bafd146',557,,6467,60,,,0,66,,6462,60,,,0,36,,6464,60,,,0,73,,6440,60,,,0,73,,6437,60,,,0,33,,6450,60,,,0,73,,6456,60,,,0,33,,6448,60,,,0,73,,6443,60,,,0,33,,6457,60,,,0,73,,6439,60,,,0,33,,6447,60,,,0,73,,6466,60,,,0,73,,6452,60,,,0,36,,6451,60,,,0,75,,6442,60,,,0,35,,6438,60,,,0,75,,6453,60,,,0,35,,6469,60,,,0,75,,6458,60,,,0,75,,6454,60,,,0,35,,6463,60,,,0,72,,6465,60,,,0,33,,6441,60,,,0,73,,6461,60,,,0,33,,6460,60,,,0,73,,6445,60,,,0,73,,6444,60,,,0,33,,6459,60,,,0,70,,6446,60,,,0,26,,6455,60,,,0,30,,6470,60,,,0,70,,6468,60,,,0,10,,6449,60,,,0
101,'9ecf710c-601d-465c-83ad-25c219925bad',659,,6471,60,,,0,73,,6482,60,,,0,73,,6490,60,,,0,33,,6504,60,,,0,73,,6473,60,,,0,33,,6496,60,,,0,73,,6481,60,,,0,33,,6502,60,,,0,73,,6476,60,,,0,33,,6499,60,,,0,73,,6495,60,,,0,73,,6477,60,,,0,36,,6498,60,,,0,75,,6484,60,,,0,35,,6483,60,,,0,75,,6479,60,,,0,35,,6488,60,,,0,75,,6475,60,,,0,75,,6494,60,,,0,35,,6501,60,,,0,72,,6480,60,,,0,33,,6500,60,,,0,73,,6497,60,,,0,33,,6493,60,,,0,73,,6492,60,,,0,73,,6489,60,,,0,33,,6486,60,,,0,70,,6472,60,,,0,26,,6474,60,,,0,30,,6485,60,,,0,70,,6491,60,,,0,10,,6478,60,,,0
101,'bcaf19fe-11ef-4115-afbb-ac9c5f562f28',805,,6516,60,,,0,33,,6518,60,,,0,73,,6522,60,,,0,33,,6507,60,,,0,73,,6506,60,,,0,33,,6511,60,,,0,73,,6509,60,,,0,33,,6505,60,,,0,73,,6526,60,,,0,73,,6510,60,,,0,33,,6521,60,,,0,73,,6515,60,,,0,33,,6508,60,,,0,73,,6525,60,,,0,33,,6513,60,,,0,73,,6520,60,,,0,33,,6523,60,,,0,73,,6519,60,,,0,33,,6517,60,,,0,73,,6524,60,,,0
101,'bf660328-88ad-42b5-9a19-68afdd8f4a47',805,,6548,60,,,0,33,,6527,60,,,0,73,,6537,60,,,0,33,,6534,60,,,0,73,,6547,60,,,0,33,,6539,60,,,0,73,,6541,60,,,0,33,,6535,60,,,0,73,,6542,60,,,0,73,,6545,60,,,0,33,,6538,60,,,0,73,,6533,60,,,0,33,,6531,60,,,0,73,,6530,60,,,0,33,,6529,60,,,0,73,,6546,60,,,0,33,,6532,60,,,0,73,,6536,60,,,0,33,,6543,60,,,0,73,,6540,60,,,0
101,'ed28f9c7-46cd-41bf-a6ca-237f78214646',805,,6565,60,,,0,33,,6567,60,,,0,73,,6569,60,,,0,33,,6550,60,,,0,73,,6557,60,,,0,33,,6563,60,,,0,73,,6564,60,,,0,33,,6556,60,,,0,73,,6561,60,,,0,73,,6554,60,,,0,33,,6552,60,,,0,73,,6553,60,,,0,33,,6558,60,,,0,73,,6562,60,,,0,33,,6549,60,,,0,73,,6555,60,,,0,33,,6560,60,,,0,73,,6559,60,,,0,33,,6568,60,,,0,73,,6551,60,,,0
201,'1fe0d92c-9044-4814-8d20-55198bafd146',610,,6714,79,,,0,33,,6727,79,,,0,73,,6711,79,,,0,33,,6737,79,,,0,73,,6710,79,,,0,33,,6708,79,,,0,73,,6706,79,,,0,73,,6736,79,,,0,33,,6732,79,,,0,73,,6720,79,,,0,33,,6715,79,,,0,73,,6718,79,,,0,33,,6712,79,,,0,76,,6719,79,,,0,35,,6717,79,,,0,75,,6739,79,,,0,75,,6740,79,,,0,35,,6707,79,,,0,75,,6730,79,,,0,35,,6716,79,,,0,74,,6729,79,,,0,33,,6721,79,,,0,73,,6725,79,,,0,73,,6738,79,,,0,33,,6722,79,,,0,73,,6709,79,,,0,33,,6724,79,,,0,73,,6735,79,,,0,33,,6733,79,,,0,68,,6726,79,,,0,30,,6713,79,,,0,70,,6734,79,,,0,25,,6731,79,,,0
201,'9ecf710c-601d-465c-83ad-25c219925bad',716,,6755,79,,,0,33,,6758,79,,,0,73,,6766,79,,,0,33,,6770,79,,,0,73,,6771,79,,,0,73,,6764,79,,,0,33,,6772,79,,,0,73,,6763,79,,,0,33,,6753,79,,,0,73,,6757,79,,,0,33,,6748,79,,,0,76,,6746,79,,,0,35,,6754,79,,,0,75,,6768,79,,,0,75,,6761,79,,,0,35,,6742,79,,,0,75,,6743,79,,,0,35,,6759,79,,,0,75,,6752,79,,,0,32,,6762,79,,,0,73,,6744,79,,,0,73,,6760,79,,,0,33,,6747,79,,,0,73,,6749,79,,,0,33,,6767,79,,,0,73,,6745,79,,,0,33,,6769,79,,,0,68,,6751,79,,,0,30,,6741,79,,,0,70,,6756,79,,,0,25,,6765,79,,,0
201,'bcaf19fe-11ef-4115-afbb-ac9c5f562f28',822,,6791,79,,,0,33,,6773,79,,,0,73,,6774,79,,,0,73,,6786,79,,,0,33,,6790,79,,,0,73,,6793,79,,,0,33,,6787,79,,,0,73,,6792,79,,,0,33,,6777,79,,,0,73,,6784,79,,,0,33,,6794,79,,,0,73,,6775,79,,,0,33,,6778,79,,,0,73,,6781,79,,,0,73,,6782,79,,,0,33,,6776,79,,,0,73,,6785,79,,,0,33,,6789,79,,,0,73,,6783,79,,,0,33,,6779,79,,,0
201,'bf660328-88ad-42b5-9a19-68afdd8f4a47',822,,6797,79,,,0,33,,6798,79,,,0,73,,6803,79,,,0,73,,6804,79,,,0,33,,6811,79,,,0,73,,6813,79,,,0,33,,6808,79,,,0,73,,6806,79,,,0,33,,6809,79,,,0,73,,6800,79,,,0,33,,6799,79,,,0,73,,6801,79,,,0,33,,6795,79,,,0,73,,6814,79,,,0,73,,6805,79,,,0,33,,6810,79,,,0,73,,6807,79,,,0,33,,6802,79,,,0,73,,6812,79,,,0,33,,6796,79,,,0
201,'ed28f9c7-46cd-41bf-a6ca-237f78214646',822,,6832,79,,,0,33,,6836,79,,,0,73,,6835,79,,,0,73,,6821,79,,,0,33,,6830,79,,,0,73,,6817,79,,,0,33,,6822,79,,,0,73,,6823,79,,,0,33,,6827,79,,,0,73,,6828,79,,,0,33,,6816,79,,,0,73,,6820,79,,,0,33,,6819,79,,,0,73,,6826,79,,,0,73,,6815,79,,,0,33,,6829,79,,,0,73,,6824,79,,,0,33,,6818,79,,,0,73,,6834,79,,,0,33,,6833,79,,,0
