201,'1fe0d92c-9044-4814-8d20-55198bafd146',600,,6714,49,,,0,33,,6727,49,,,0,73,,6711,49,,,0,33,,6737,49,,,0,73,,6710,49,,,0,33,,6708,49,,,0,73,,6706,49,,,0,33,,6736,49,,,0,73,,6732,49,,,0,33,,6720,49,,,0,73,,6715,49,,,0,73,,6718,49,,,0,33,,6712,49,,,0,75,,6719,49,,,0,35,,6728,49,,,0,75,,6739,49,,,0,35,,6740,49,,,0,75,,6707,49,,,0,75,,6723,49,,,0,35,,6716,49,,,0,75,,6729,49,,,0,33,,6721,49,,,0,73,,6725,49,,,0,33,,6738,49,,,0,73,,6722,49,,,0,73,,6709,49,,,0,33,,6724,49,,,0,73,,6735,49,,,0,33,,6733,49,,,0,70,,6726,49,,,0,30,,6713,49,,,0,70,,6734,49,,,0,25,,6731,49,,,0
201,'9ecf710c-601d-465c-83ad-25c219925bad',706,,6755,49,,,0,33,,6758,49,,,0,73,,6766,49,,,0,33,,6770,49,,,0,73,,6771,49,,,0,33,,6764,49,,,0,73,,6772,49,,,0,33,,6763,49,,,0,73,,6753,49,,,0,73,,6757,49,,,0,33,,6748,49,,,0,75,,6746,49,,,0,35,,6754,49,,,0,75,,6768,49,,,0,35,,6761,49,,,0,75,,6750,49,,,0,75,,6743,49,,,0,35,,6759,49,,,0,75,,6752,49,,,0,33,,6762,49,,,0,73,,6744,49,,,0,33,,6760,49,,,0,73,,6747,49,,,0,73,,6749,49,,,0,33,,6767,49,,,0,73,,6745,49,,,0,33,,6769,49,,,0,70,,6751,49,,,0,30,,6741,49,,,0,70,,6756,49,,,0,25,,6765,49,,,0
201,'bcaf19fe-11ef-4115-afbb-ac9c5f562f28',812,,6791,49,,,0,33,,6773,49,,,0,73,,6774,49,,,0,33,,6786,49,,,0,73,,6790,49,,,0,33,,6793,49,,,0,73,,6787,49,,,0,73,,6792,49,,,0,33,,6777,49,,,0,73,,6780,49,,,0,33,,6788,49,,,0,73,,6775,49,,,0,33,,6778,49,,,0,73,,6781,49,,,0,33,,6782,49,,,0,73,,6776,49,,,0,73,,6785,49,,,0,33,,6789,49,,,0,73,,6783,49,,,0,33,,6779,49,,,0
201,'bf660328-88ad-42b5-9a19-68afdd8f4a47',812,,6797,49,,,0,33,,6798,49,,,0,73,,6803,49,,,0,33,,6804,49,,,0,73,,6811,49,,,0,33,,6813,49,,,0,73,,6808,49,,,0,73,,6806,49,,,0,33,,6809,49,,,0,73,,6800,49,,,0,33,,6799,49,,,0,73,,6801,49,,,0,33,,6795,49,,,0,73,,6814,49,,,0,33,,6805,49,,,0,73,,6810,49,,,0,73,,6807,49,,,0,33,,6802,49,,,0,73,,6812,49,,,0,33,,6796,49,,,0
201,'ed28f9c7-46cd-41bf-a6ca-237f78214646',812,,6832,49,,,0,33,,6836,49,,,0,73,,6835,49,,,0,33,,6821,49,,,0,73,,6830,49,,,0,33,,6817,49,,,0,73,,6822,49,,,0,73,,6823,49,,,0,33,,6827,49,,,0,73,,6825,49,,,0,33,,6831,49,,,0,73,,6820,49,,,0,33,,6819,49,,,0,73,,6826,49,,,0,33,,6815,49,,,0,73,,6829,49,,,0,73,,6824,49,,,0,33,,6818,49,,,0,73,,6834,49,,,0,33,,6833,49,,,0
300,'1fe0d92c-9044-4814-8d20-55198bafd146',620,,6857,51,,,0,34,,6862,51,,,0,72,,6846,51,,,0,33,,6855,51,,,0,73,,6856,51,,,0,73,,6865,51,,,0,33,,6853,51,,,0,73,,6864,51,,,0,33,,6847,51,,,0,73,,6837,51,,,0,33,,6841,51,,,0,73,,6844,51,,,0,33,,6860,51,,,0,77,,6866,51,,,0,75,,6851,51,,,0,35,,6850,51,,,0,75,,6849,51,,,0,35,,6843,51,,,0,75,,6863,51,,,0,75,,6839,51,,,0,35,,6854,51,,,0,74,,6838,51,,,0,32,,6840,51,,,0,74,,6861,51,,,0,33,,6848,51,,,0,73,,6867,51,,,0,33,,6869,51,,,0,73,,6868,51,,,0,73,,6858,51,,,0,31,,6859,51,,,0,25,,6852,51,,,0,60,,6845,51,,,0,30,,6842,51,,,0
300,'9ecf710c-601d-465c-83ad-25c219925bad',726,,6890,51,,,0,33,,6871,51,,,0,73,,6897,51,,,0,73,,6888,51,,,0,33,,6876,51,,,0,73,,6880,51,,,0,33,,6900,51,,,0,73,,6895,51,,,0,33,,6894,51,,,0,73,,6896,51,,,0,33,,6898,51,,,0,77,,6887,51,,,0,75,,6877,51,,,0,35,,6873,51,,,0,75,,6892,51,,,0,35,,6878,51,,,0,75,,6879,51,,,0,75,,6875,51,,,0,35,,6881,51,,,0,74,,6889,51,,,0,32,,6885,51,,,0,74,,6884,51,,,0,33,,6893,51,,,0,73,,6883,51,,,0,33,,6872,51,,,0,73,,6886,51,,,0,73,,6882,51,,,0,31,,6870,51,,,0,25,,6899,51,,,0,60,,6874,51,,,0,30,,6891,51,,,0
300,'bcaf19fe-11ef-4115-afbb-ac9c5f562f28',759,,6902,51,,,0,73,,6922,51,,,0,73,,6927,51,,,0,33,,6904,51,,,0,73,,6910,51,,,0,33,,6925,51,,,0,73,,6914,51,,,0,33,,6908,51,,,0,73,,6923,51,,,0,33,,6919,51,,,0,73,,6916,51,,,0,73,,6917,51,,,0,33,,6909,51,,,0,73,,6924,51,,,0,33,,6905,51,,,0,73,,6926,51,,,0,33,,6903,51,,,0,73,,6907,51,,,0,33,,6906,51,,,0,73,,6911,51,,,0,28,,6918,51,,,0,70,,6901,51,,,0,33,,6913,51,,,0,73,,6921,51,,,0,73,,6920,51,,,0,33,,6915,51,,,0,73,,6912,51,,,0
300,'bf660328-88ad-42b5-9a19-68afdd8f4a47',759,,6942,51,,,0,73,,6946,51,,,0,73,,6941,51,,,0,33,,6928,51,,,0,73,,6943,51,,,0,33,,6937,51,,,0,73,,6935,51,,,0,33,,6932,51,,,0,73,,6945,51,,,0,33,,6934,51,,,0,73,,6940,51,,,0,73,,6929,51,,,0,33,,6939,51,,,0,73,,6936,51,,,0,33,,6930,51,,,0,73,,6947,51,,,0,33,,6933,51,,,0,73,,6944,51,,,0,33,,6948,51,,,0,73,,6938,51,,,0,28,,6931,51,,,0
300,'ed28f9c7-46cd-41bf-a6ca-237f78214646',759,,6966,51,,,0,73,,6964,51,,,0,73,,6954,51,,,0,33,,6960,51,,,0,73,,6958,51,,,0,33,,6956,51,,,0,73,,6952,51,,,0,33,,6949,51,,,0,73,,6953,51,,,0,33,,6951,51,,,0,73,,6961,51,,,0,73,,6955,51,,,0,33,,6965,51,,,0,73,,6963,51,,,0,33,,6950,51,,,0,73,,6962,51,,,0,33,,6959,51,,,0,73,,6969,51,,,0,33,,6967,51,,,0,73,,6957,51,,,0,28,,6968,51,,,0
6201,'1fe0d92c-9044-4814-8d20-55198bafd146',659,,7654,17,,,0,75,,7647,17,,,0,80,,7655,17,,,0,40,,7646,17,,,0,80,,7664,17,,,0,80,,7660,17,,,0,40,,7661,17,,,0,80,,7650,17,,,0,80,,7658,17,,,0,40,,7648,17,,,0,80,,7666,17,,,0,80,,7662,17,,,0,40,,7656,17,,,0,80,,7665,17,,,0,80,,7651,17,,,0,40,,7657,17,,,0,80,,7652,17,,,0,80,,7649,17,,,0,40,,7663,17,,,0,80,,7659,17,,,0,80,,7653,17,,,0,40,,7667,17,,,0,75,,7645,17,,,0,75,,7668,17,,,0
