100,'8121286b-fd49-4716-b922-42f8d7dc989c',838,,3269,172,,,0,73,,3279,172,,,0,33,,3268,172,,,0,73,,3286,172,,,0,33,,3280,172,,,0,73,,3274,172,,,0,33,,3272,172,,,0,73,,3277,172,,,0,73,,3288,172,,,0,33,,3271,172,,,0,73,,3285,172,,,0,33,,3287,172,,,0,73,,3284,172,,,0,33,,3273,172,,,0,73,,3282,172,,,0,33,,3276,172,,,0,73,,3278,172,,,0,33,,3275,172,,,0,73,,3281,172,,,0,73,,3283,181,,,0
100,'b3648ede-5954-434f-9b9d-d5f08e1e70ad',838,,3291,172,,,0,73,,3296,172,,,0,33,,3305,172,,,0,73,,3303,172,,,0,33,,3308,172,,,0,73,,3300,172,,,0,33,,3294,172,,,0,73,,3311,172,,,0,73,,3297,172,,,0,33,,3295,172,,,0,73,,3306,172,,,0,33,,3298,172,,,0,73,,3302,172,,,0,33,,3292,172,,,0,73,,3293,172,,,0,33,,3310,172,,,0,73,,3304,172,,,0,33,,3299,172,,,0,73,,3290,172,,,0,73,,3301,181,,,0
100,'c48e9871-c7da-4ae0-bf7c-b3496ea4ba29',732,,3338,172,,,0,73,,3325,172,,,0,33,,3342,172,,,0,73,,3344,172,,,0,33,,3333,172,,,0,73,,3330,172,,,0,33,,3323,172,,,0,73,,3334,172,,,0,33,,3320,172,,,0,73,,3328,172,,,0,73,,3329,172,,,0,33,,3317,172,,,0,73,,3337,172,,,0,33,,3312,172,,,0,73,,3324,172,,,0,33,,3321,172,,,0,73,,3315,172,,,0,33,,3341,172,,,0,73,,3331,172,,,0,33,,3335,172,,,0,73,,3326,172,,,0,73,,3319,172,,,0,33,,3314,172,,,0,73,,3313,172,,,0,33,,3343,172,,,0,73,,3339,172,,,0,33,,3322,172,,,0,73,,3340,172,,,0,33,,3316,172,,,0,70,,3318,172,,,0,30,,3332,181,,,0
100,'d7cebbf2-c439-48e5-af23-2183cbefe818',635,,3352,172,,,0,68,,3356,172,,,0,29,,3372,172,,,0,73,,3374,172,,,0,33,,3371,172,,,0,73,,3354,172,,,0,33,,3347,172,,,0,73,,3360,172,,,0,33,,3376,172,,,0,73,,3373,172,,,0,33,,3350,172,,,0,73,,3357,172,,,0,73,,3346,172,,,0,33,,3358,172,,,0,73,,3378,172,,,0,33,,3368,172,,,0,73,,3351,172,,,0,33,,3359,172,,,0,73,,3370,172,,,0,33,,3355,172,,,0,73,,3366,172,,,0,33,,3367,172,,,0,73,,3345,172,,,0,73,,3361,172,,,0,33,,3379,172,,,0,73,,3349,172,,,0,33,,3365,172,,,0,73,,3363,172,,,0,33,,3369,172,,,0,73,,3362,172,,,0,33,,3377,172,,,0,70,,3348,172,,,0,30,,3364,181,,,0
301,'8121286b-fd49-4716-b922-42f8d7dc989c',811,,3840,65,,,0,33,,3823,65,,,0,73,,3833,65,,,0,33,,3831,65,,,0,73,,3839,65,,,0,33,,3832,65,,,0,73,,3822,65,,,0,73,,3837,65,,,0,33,,3820,65,,,0,73,,3830,65,,,0,33,,3821,65,,,0,73,,3825,65,,,0,33,,3835,65,,,0,73,,3836,65,,,0,33,,3834,65,,,0,73,,3827,65,,,0,33,,3826,65,,,0,73,,3829,65,,,0,73,,3824,65,,,0,33,,3828,65,,,0,65,,3838,65,,,0
301,'b3648ede-5954-434f-9b9d-d5f08e1e70ad',811,,3860,65,,,0,33,,3851,65,,,0,73,,3858,65,,,0,33,,3854,65,,,0,73,,3846,65,,,0,33,,3845,65,,,0,73,,3852,65,,,0,73,,3847,65,,,0,33,,3850,65,,,0,73,,3859,65,,,0,33,,3861,65,,,0,73,,3853,65,,,0,33,,3843,65,,,0,73,,3848,65,,,0,33,,3844,65,,,0,73,,3857,65,,,0,33,,3856,65,,,0,73,,3849,65,,,0,73,,3841,65,,,0,33,,3855,65,,,0,65,,3842,65,,,0
301,'c48e9871-c7da-4ae0-bf7c-b3496ea4ba29',738,,3877,65,,,0,73,,3887,65,,,0,33,,3889,65,,,0,73,,3876,65,,,0,33,,3863,65,,,0,73,,3891,65,,,0,33,,3862,65,,,0,73,,3885,65,,,0,73,,3867,65,,,0,33,,3864,65,,,0,73,,3865,65,,,0,33,,3890,65,,,0,73,,3869,65,,,0,33,,3875,65,,,0,73,,3874,65,,,0,33,,3878,65,,,0,73,,3872,65,,,0,33,,3879,65,,,0,73,,3881,65,,,0,73,,3866,65,,,0,33,,3888,65,,,0,73,,3886,65,,,0,33,,3883,65,,,0,73,,3892,65,,,0,33,,3870,65,,,0,73,,3873,65,,,0,33,,3871,65,,,0,73,,3880,65,,,0,30,,3868,65,,,0,70,,3882,65,,,0,30,,3884,65,,,0
301,'d7cebbf2-c439-48e5-af23-2183cbefe818',633,,3918,65,,,0,72,,3896,65,,,0,33,,3924,65,,,0,73,,3895,65,,,0,33,,3907,65,,,0,73,,3894,65,,,0,33,,3912,65,,,0,73,,3922,65,,,0,33,,3900,65,,,0,73,,3925,65,,,0,73,,3913,65,,,0,33,,3908,65,,,0,73,,3893,65,,,0,33,,3906,65,,,0,73,,3923,65,,,0,33,,3921,65,,,0,73,,3911,65,,,0,33,,3916,65,,,0,73,,3917,65,,,0,33,,3902,65,,,0,73,,3897,65,,,0,73,,3899,65,,,0,33,,3901,65,,,0,73,,3920,65,,,0,33,,3909,65,,,0,73,,3919,65,,,0,33,,3910,65,,,0,73,,3903,65,,,0,33,,3914,65,,,0,73,,3904,65,,,0,30,,3915,65,,,0,70,,3898,65,,,0,30,,3905,65,,,0
1006001,'d7cebbf2-c439-48e5-af23-2183cbefe818',620,,4448,206,,,0,90,,4456,206,,,0,100,,4454,206,,,0,100,,4450,206,,,0,100,,4455,206,,,0,100,,4452,206,,,0,100,,4445,206,,,0,100,,4449,206,,,0,100,,4451,206,,,0,100,,4447,206,,,0,100,,4446,206,,,0,100,,4457,206,,,0,100,,4453,206,,,0
1006101,'d7cebbf2-c439-48e5-af23-2183cbefe818',621,,4492,48,,,0,80,,4478,48,,,0,45,,4479,48,,,0,85,,4487,48,,,0,85,,4484,48,,,0,85,,4485,48,,,0,45,,4480,48,,,0,85,,4486,48,,,0,85,,4490,48,,,0,85,,4489,48,,,0,45,,4481,48,,,0,85,,4488,48,,,0,85,,4482,48,,,0,85,,4476,48,,,0,45,,4475,48,,,0,85,,4491,48,,,0,85,,4477,48,,,0,85,,4483,48,,,0
2006001,'d7cebbf2-c439-48e5-af23-2183cbefe818',642,,4508,91,,,0,94,,4510,91,,,0,100,,4509,91,,,0,100,,4514,91,,,0,100,,4511,91,,,0,100,,4513,91,,,0,100,,4512,91,,,0,100,,4518,91,,,0,100,,4516,91,,,0,100,,4506,91,,,0,100,,4517,91,,,0,100,,4515,91,,,0,100,,4507,91,,,0
3006001,'8121286b-fd49-4716-b922-42f8d7dc989c',837,,4613,98,,,0,85,,4617,98,,,0,85,,4622,98,,,0,45,,4618,98,,,0,85,,4623,98,,,0,85,,4620,98,,,0,85,,4625,98,,,0,45,,4619,98,,,0,85,,4624,98,,,0,85,,4616,98,,,0,85,,4614,98,,,0,45,,4612,98,,,0,85,,4621,98,,,0,85,,4615,98,,,0
3006001,'b3648ede-5954-434f-9b9d-d5f08e1e70ad',837,,4636,98,,,0,85,,4631,98,,,0,85,,4630,98,,,0,45,,4627,98,,,0,85,,4628,98,,,0,85,,4626,98,,,0,85,,4639,98,,,0,45,,4635,98,,,0,85,,4629,98,,,0,85,,4632,98,,,0,85,,4637,98,,,0,45,,4633,98,,,0,85,,4634,98,,,0,85,,4638,98,,,0
3006001,'c48e9871-c7da-4ae0-bf7c-b3496ea4ba29',737,,4647,98,,,0,85,,4641,98,,,0,85,,4642,98,,,0,45,,4661,98,,,0,85,,4653,98,,,0,85,,4643,98,,,0,85,,4659,98,,,0,45,,4655,98,,,0,85,,4650,98,,,0,85,,4649,98,,,0,85,,4656,98,,,0,45,,4646,98,,,0,85,,4658,98,,,0,85,,4651,98,,,0,85,,4644,98,,,0,45,,4652,98,,,0,85,,4660,98,,,0,85,,4648,98,,,0,85,,4654,98,,,0,45,,4657,98,,,0,85,,4645,98,,,0,85,,4640,98,,,0
3006001,'d7cebbf2-c439-48e5-af23-2183cbefe818',1937,,4667,98,,,0,85,,4666,98,,,0,85,,4663,98,,,0,45,,4665,98,,,0,85,,4662,98,,,0,85,,4664,98,,,0
