100,'312abbf0-fdea-4eb9-96c5-7a94145aceb2',728,,4687,170,,,0,76,,4688,170,,,0,33,,4674,170,,,0,73,,4683,170,,,0,33,,4679,170,,,0,73,,4671,170,,,0,33,,4680,170,,,0,73,,4676,170,,,0,33,,4675,170,,,0,73,,4669,170,,,0,73,,4673,170,,,0,33,,4693,170,,,0,78,,4697,170,,,0,35,,4690,170,,,0,75,,4694,170,,,0,35,,4692,170,,,0,75,,4689,170,,,0,75,,4686,170,,,0,35,,4684,170,,,0,75,,4691,170,,,0,30,,4685,170,,,0,73,,4700,170,,,0,33,,4677,170,,,0,73,,4678,170,,,0,33,,4695,170,,,0,73,,4696,170,,,0,73,,4698,170,,,0,33,,4672,170,,,0,70,,4699,170,,,0,14,,4668,170,,,0,30,,4670,179,,,0
100,'66e3ca25-c949-45bf-aa5b-2bde8ae66f69',837,,4721,170,,,0,73,,4711,170,,,0,33,,4712,170,,,0,73,,4702,170,,,0,33,,4719,170,,,0,73,,4701,170,,,0,33,,4705,170,,,0,73,,4714,170,,,0,73,,4715,170,,,0,33,,4716,170,,,0,73,,4720,170,,,0,33,,4709,170,,,0,73,,4708,170,,,0,33,,4710,170,,,0,73,,4706,170,,,0,33,,4717,170,,,0,73,,4707,170,,,0,33,,4718,170,,,0,73,,4704,170,,,0,73,,4713,179,,,0
100,'9ba31bfb-7050-4158-afae-0ffd0d63aa0c',837,,4732,170,,,0,73,,4733,170,,,0,33,,4725,170,,,0,73,,4744,170,,,0,33,,4724,170,,,0,73,,4736,170,,,0,33,,4726,170,,,0,73,,4727,170,,,0,73,,4734,170,,,0,33,,4740,170,,,0,73,,4739,170,,,0,33,,4723,170,,,0,73,,4743,170,,,0,33,,4729,170,,,0,73,,4742,170,,,0,33,,4737,170,,,0,73,,4722,170,,,0,33,,4735,170,,,0,73,,4741,170,,,0,73,,4730,179,,,0
100,'a6a1e58d-53c4-44f8-9966-8649a3a2e257',634,,4746,170,,,0,68,,4777,170,,,0,29,,4750,170,,,0,73,,4776,170,,,0,33,,4759,170,,,0,73,,4764,170,,,0,33,,4778,170,,,0,73,,4754,170,,,0,33,,4747,170,,,0,73,,4757,170,,,0,33,,4758,170,,,0,73,,4768,170,,,0,73,,4761,170,,,0,33,,4766,170,,,0,78,,4762,170,,,0,35,,4749,170,,,0,75,,4767,170,,,0,35,,4772,170,,,0,75,,4775,170,,,0,75,,4774,170,,,0,35,,4752,170,,,0,75,,4769,170,,,0,30,,4748,170,,,0,73,,4770,170,,,0,33,,4745,170,,,0,73,,4760,170,,,0,33,,4773,170,,,0,73,,4751,170,,,0,73,,4753,170,,,0,33,,4763,170,,,0,70,,4779,170,,,0,14,,4755,170,,,0,30,,4765,179,,,0
100,'cdcafeae-7da3-4ec3-beeb-64e1ab4dbc4b',837,,4799,170,,,0,73,,4791,170,,,0,33,,4788,170,,,0,73,,4797,170,,,0,33,,4802,170,,,0,73,,4790,170,,,0,33,,4801,170,,,0,73,,4784,170,,,0,73,,4795,170,,,0,33,,4796,170,,,0,73,,4786,170,,,0,33,,4798,170,,,0,73,,4780,170,,,0,33,,4782,170,,,0,73,,4792,170,,,0,33,,4781,170,,,0,73,,4783,170,,,0,33,,4794,170,,,0,73,,4793,170,,,0,73,,4785,179,,,0
301,'312abbf0-fdea-4eb9-96c5-7a94145aceb2',737,,5338,63,,,0,73,,5358,63,,,0,33,,5352,63,,,0,73,,5340,63,,,0,33,,5355,63,,,0,73,,5342,63,,,0,33,,5359,63,,,0,73,,5357,63,,,0,73,,5343,63,,,0,33,,5337,63,,,0,75,,5350,63,,,0,35,,5354,63,,,0,75,,5364,63,,,0,35,,5356,63,,,0,75,,5344,63,,,0,75,,5348,63,,,0,35,,5347,63,,,0,75,,5339,63,,,0,35,,5345,63,,,0,73,,5367,63,,,0,34,,5351,63,,,0,73,,5365,63,,,0,73,,5366,63,,,0,33,,5363,63,,,0,73,,5361,63,,,0,33,,5353,63,,,0,73,,5349,63,,,0,31,,5346,63,,,0,60,,5360,63,,,0,30,,5362,63,,,0,65,,5341,63,,,0
301,'66e3ca25-c949-45bf-aa5b-2bde8ae66f69',810,,5380,63,,,0,33,,5386,63,,,0,73,,5377,63,,,0,33,,5368,63,,,0,73,,5378,63,,,0,33,,5371,63,,,0,73,,5385,63,,,0,73,,5383,63,,,0,33,,5388,63,,,0,73,,5373,63,,,0,33,,5379,63,,,0,73,,5372,63,,,0,33,,5369,63,,,0,73,,5381,63,,,0,33,,5376,63,,,0,73,,5375,63,,,0,33,,5370,63,,,0,73,,5384,63,,,0,73,,5387,63,,,0,33,,5374,63,,,0,65,,5382,63,,,0
301,'9ba31bfb-7050-4158-afae-0ffd0d63aa0c',810,,5409,63,,,0,33,,5389,63,,,0,73,,5406,63,,,0,33,,5405,63,,,0,73,,5391,63,,,0,33,,5400,63,,,0,73,,5393,63,,,0,73,,5401,63,,,0,33,,5397,63,,,0,73,,5390,63,,,0,33,,5402,63,,,0,73,,5399,63,,,0,33,,5408,63,,,0,73,,5394,63,,,0,33,,5395,63,,,0,73,,5396,63,,,0,33,,5404,63,,,0,73,,5392,63,,,0,73,,5407,63,,,0,33,,5398,63,,,0,65,,5403,63,,,0
301,'a6a1e58d-53c4-44f8-9966-8649a3a2e257',632,,5411,63,,,0,72,,5424,63,,,0,33,,5430,63,,,0,73,,5442,63,,,0,33,,5440,63,,,0,73,,5428,63,,,0,33,,5414,63,,,0,73,,5441,63,,,0,33,,5426,63,,,0,73,,5415,63,,,0,73,,5423,63,,,0,33,,5421,63,,,0,75,,5433,63,,,0,35,,5427,63,,,0,75,,5437,63,,,0,35,,5425,63,,,0,75,,5435,63,,,0,75,,5413,63,,,0,35,,5429,63,,,0,75,,5422,63,,,0,35,,5420,63,,,0,73,,5438,63,,,0,34,,5432,63,,,0,73,,5439,63,,,0,73,,5417,63,,,0,33,,5410,63,,,0,73,,5436,63,,,0,33,,5418,63,,,0,73,,5412,63,,,0,31,,5419,63,,,0,60,,5434,63,,,0,30,,5431,63,,,0,65,,5416,63,,,0
301,'cdcafeae-7da3-4ec3-beeb-64e1ab4dbc4b',810,,5459,63,,,0,33,,5447,63,,,0,73,,5455,63,,,0,33,,5462,63,,,0,73,,5468,63,,,0,33,,5446,63,,,0,73,,5465,63,,,0,73,,5449,63,,,0,33,,5452,63,,,0,73,,5451,63,,,0,33,,5456,63,,,0,73,,5454,63,,,0,33,,5464,63,,,0,73,,5448,63,,,0,33,,5461,63,,,0,73,,5458,63,,,0,33,,5444,63,,,0,73,,5469,63,,,0,73,,5445,63,,,0,33,,5457,63,,,0,65,,5460,63,,,0,33,,5467,63,,,0,73,,5450,63,,,0,33,,5470,63,,,0,73,,5466,63,,,0,33,,5443,63,,,0
1006000,'a6a1e58d-53c4-44f8-9966-8649a3a2e257',645,,6036,8,,,0,96,,6048,8,,,0,100,,6042,8,,,0,105,,6044,8,,,0,100,,6043,8,,,0,100,,6045,8,,,0,100,,6047,8,,,0,100,,6040,8,,,0,100,,6037,8,,,0,105,,6046,8,,,0,100,,6038,8,,,0,100,,6041,8,,,0,100,,6039,8,,,0
1006101,'a6a1e58d-53c4-44f8-9966-8649a3a2e257',620,,6089,46,,,0,80,,6082,46,,,0,45,,6091,46,,,0,85,,6085,46,,,0,85,,6086,46,,,0,85,,6090,46,,,0,45,,6088,46,,,0,85,,6095,46,,,0,85,,6079,46,,,0,85,,6096,46,,,0,45,,6080,46,,,0,85,,6093,46,,,0,85,,6083,46,,,0,85,,6084,46,,,0,45,,6092,46,,,0,85,,6094,46,,,0,85,,6081,46,,,0,85,,6087,46,,,0
2006001,'a6a1e58d-53c4-44f8-9966-8649a3a2e257',641,,6122,89,,,0,93,,6114,89,,,0,100,,6119,89,,,0,105,,6117,89,,,0,100,,6120,89,,,0,100,,6121,89,,,0,100,,6110,89,,,0,100,,6115,89,,,0,100,,6116,89,,,0,105,,6113,89,,,0,100,,6111,89,,,0,100,,6118,89,,,0,100,,6112,89,,,0
3006001,'312abbf0-fdea-4eb9-96c5-7a94145aceb2',736,,6242,96,,,0,85,,6231,96,,,0,85,,6236,96,,,0,45,,6240,96,,,0,85,,6243,96,,,0,85,,6237,96,,,0,85,,6246,96,,,0,45,,6244,96,,,0,85,,6234,96,,,0,85,,6245,96,,,0,85,,6233,96,,,0,45,,6250,96,,,0,85,,6247,96,,,0,85,,6239,96,,,0,85,,6241,96,,,0,45,,6251,96,,,0,85,,6252,96,,,0,85,,6235,96,,,0,85,,6248,96,,,0,45,,6249,96,,,0,85,,6238,96,,,0,85,,6232,96,,,0
3006001,'66e3ca25-c949-45bf-aa5b-2bde8ae66f69',836,,6254,96,,,0,85,,6257,96,,,0,85,,6266,96,,,0,45,,6256,96,,,0,85,,6260,96,,,0,85,,6263,96,,,0,85,,6261,96,,,0,45,,6264,96,,,0,85,,6265,96,,,0,85,,6255,96,,,0,85,,6259,96,,,0,45,,6258,96,,,0,85,,6253,96,,,0,85,,6262,96,,,0
3006001,'9ba31bfb-7050-4158-afae-0ffd0d63aa0c',836,,6270,96,,,0,85,,6275,96,,,0,85,,6279,96,,,0,45,,6278,96,,,0,85,,6274,96,,,0,85,,6272,96,,,0,85,,6268,96,,,0,45,,6267,96,,,0,85,,6276,96,,,0,85,,6277,96,,,0,85,,6273,96,,,0,45,,6269,96,,,0,85,,6271,96,,,0,85,,6280,96,,,0
3006001,'a6a1e58d-53c4-44f8-9966-8649a3a2e257',1936,,6281,96,,,0,85,,6284,96,,,0,85,,6286,96,,,0,45,,6282,96,,,0,85,,6283,96,,,0,85,,6285,96,,,0
3006001,'cdcafeae-7da3-4ec3-beeb-64e1ab4dbc4b',836,,6287,96,,,0,85,,6297,96,,,0,85,,6298,96,,,0,45,,6295,96,,,0,85,,6299,96,,,0,85,,6288,96,,,0,85,,6289,96,,,0,45,,6291,96,,,0,85,,6290,96,,,0,85,,6293,96,,,0,85,,6300,96,,,0,45,,6296,96,,,0,85,,6294,96,,,0,85,,6292,96,,,0
