100,'1fe0d92c-9044-4814-8d20-55198bafd146',617,,6309,109,,,0,28,,6302,109,,,0,69,,6334,109,,,0,33,,6324,109,,,0,73,,6327,109,,,0,33,,6314,109,,,0,73,,6303,109,,,0,33,,6329,109,,,0,73,,6307,109,,,0,73,,6335,109,,,0,33,,6312,109,,,0,73,,6315,109,,,0,33,,6333,109,,,0,73,,6311,109,,,0,37,,6328,109,,,0,75,,6320,109,,,0,75,,6308,109,,,0,35,,6323,109,,,0,75,,6317,109,,,0,35,,6301,109,,,0,75,,6325,109,,,0,35,,6321,109,,,0,71,,6330,109,,,0,73,,6331,109,,,0,33,,6318,109,,,0,73,,6306,109,,,0,33,,6319,109,,,0,73,,6316,109,,,0,33,,6305,109,,,0,73,,6332,109,,,0,30,,6322,109,,,0,57,,6304,109,,,0,30,,6310,118,,,0,63,,6326,118,,,0
100,'9ecf710c-601d-465c-83ad-25c219925bad',711,,6349,109,,,0,36,,6345,109,,,0,73,,6348,109,,,0,33,,6340,109,,,0,73,,6363,109,,,0,33,,6358,109,,,0,73,,6341,109,,,0,73,,6336,109,,,0,33,,6351,109,,,0,73,,6362,109,,,0,33,,6368,109,,,0,73,,6355,109,,,0,37,,6357,109,,,0,75,,6367,109,,,0,75,,6347,109,,,0,35,,6354,109,,,0,75,,6353,109,,,0,35,,6344,109,,,0,75,,6346,109,,,0,35,,6350,109,,,0,71,,6352,109,,,0,73,,6356,109,,,0,33,,6366,109,,,0,73,,6343,109,,,0,33,,6361,109,,,0,73,,6342,109,,,0,33,,6364,109,,,0,73,,6360,109,,,0,30,,6339,109,,,0,57,,6337,109,,,0,30,,6365,118,,,0,63,,6359,118,,,0
100,'bcaf19fe-11ef-4115-afbb-ac9c5f562f28',820,,6383,109,,,0,33,,6384,109,,,0,73,,6369,109,,,0,33,,6382,109,,,0,73,,6388,109,,,0,73,,6371,109,,,0,33,,6387,109,,,0,73,,6377,109,,,0,33,,6380,109,,,0,73,,6386,109,,,0,33,,6381,109,,,0,73,,6385,109,,,0,33,,6373,109,,,0,73,,6370,109,,,0,73,,6376,109,,,0,33,,6391,109,,,0,73,,6378,109,,,0,33,,6389,109,,,0,73,,6375,109,,,0,33,,6379,118,,,0,65,,6390,118,,,0
100,'bf660328-88ad-42b5-9a19-68afdd8f4a47',820,,6399,109,,,0,33,,6401,109,,,0,73,,6406,109,,,0,33,,6393,109,,,0,73,,6396,109,,,0,73,,6410,109,,,0,33,,6395,109,,,0,73,,6405,109,,,0,33,,6411,109,,,0,73,,6403,109,,,0,33,,6404,109,,,0,73,,6392,109,,,0,33,,6397,109,,,0,73,,6398,109,,,0,73,,6412,109,,,0,33,,6409,109,,,0,73,,6402,109,,,0,33,,6400,109,,,0,73,,6407,109,,,0,33,,6408,118,,,0,65,,6394,118,,,0
100,'ed28f9c7-46cd-41bf-a6ca-237f78214646',820,,6430,109,,,0,33,,6419,109,,,0,73,,6414,109,,,0,33,,6433,109,,,0,73,,6425,109,,,0,73,,6418,109,,,0,33,,6423,109,,,0,73,,6421,109,,,0,33,,6429,109,,,0,73,,6416,109,,,0,33,,6415,109,,,0,73,,6422,109,,,0,33,,6426,109,,,0,73,,6417,109,,,0,73,,6432,109,,,0,33,,6413,109,,,0,73,,6434,109,,,0,33,,6427,109,,,0,73,,6435,109,,,0,33,,6420,118,,,0,65,,6431,118,,,0
200,'1fe0d92c-9044-4814-8d20-55198bafd146',622,,6577,101,,,0,35,,6578,101,,,0,73,,6576,101,,,0,73,,6593,101,,,0,33,,6597,101,,,0,73,,6592,101,,,0,33,,6580,101,,,0,73,,6601,101,,,0,33,,6598,101,,,0,73,,6589,101,,,0,33,,6591,101,,,0,73,,6595,101,,,0,73,,6583,101,,,0,37,,6581,101,,,0,75,,6602,101,,,0,35,,6599,101,,,0,75,,6571,101,,,0,35,,6586,101,,,0,75,,6582,101,,,0,75,,6604,101,,,0,35,,6588,101,,,0,71,,6579,101,,,0,33,,6573,101,,,0,73,,6574,101,,,0,33,,6587,101,,,0,73,,6572,101,,,0,33,,6575,101,,,0,73,,6590,101,,,0,73,,6596,101,,,0,28,,6603,101,,,0,26,,6585,101,,,0,70,,6600,101,,,0,20,,6584,101,,,0
200,'9ecf710c-601d-465c-83ad-25c219925bad',730,,6610,101,,,0,73,,6612,101,,,0,33,,6628,101,,,0,73,,6625,101,,,0,33,,6639,101,,,0,73,,6634,101,,,0,33,,6627,101,,,0,73,,6637,101,,,0,33,,6623,101,,,0,73,,6633,101,,,0,73,,6607,101,,,0,37,,6635,101,,,0,75,,6624,101,,,0,35,,6621,101,,,0,75,,6613,101,,,0,35,,6615,101,,,0,75,,6606,101,,,0,75,,6620,101,,,0,35,,6611,101,,,0,71,,6636,101,,,0,33,,6629,101,,,0,73,,6638,101,,,0,33,,6614,101,,,0,73,,6616,101,,,0,33,,6619,101,,,0,73,,6608,101,,,0,73,,6630,101,,,0,28,,6609,101,,,0,26,,6626,101,,,0,70,,6618,101,,,0,20,,6631,101,,,0
200,'bcaf19fe-11ef-4115-afbb-ac9c5f562f28',836,,6656,101,,,0,73,,6642,101,,,0,33,,6648,101,,,0,73,,6649,101,,,0,33,,6644,101,,,0,73,,6641,101,,,0,33,,6651,101,,,0,73,,6652,101,,,0,73,,6645,101,,,0,33,,6654,101,,,0,73,,6643,101,,,0,33,,6650,101,,,0,73,,6647,101,,,0,33,,6658,101,,,0,73,,6640,101,,,0,33,,6655,101,,,0,73,,6660,101,,,0,33,,6653,101,,,0,73,,6661,101,,,0,28,,6659,101,,,0
200,'bf660328-88ad-42b5-9a19-68afdd8f4a47',836,,6683,101,,,0,73,,6681,101,,,0,33,,6670,101,,,0,73,,6665,101,,,0,33,,6675,101,,,0,73,,6682,101,,,0,33,,6668,101,,,0,73,,6679,101,,,0,73,,6667,101,,,0,33,,6663,101,,,0,73,,6662,101,,,0,33,,6680,101,,,0,73,,6676,101,,,0,33,,6677,101,,,0,73,,6666,101,,,0,33,,6664,101,,,0,73,,6678,101,,,0,33,,6674,101,,,0,73,,6673,101,,,0,28,,6672,101,,,0
200,'ed28f9c7-46cd-41bf-a6ca-237f78214646',836,,6704,101,,,0,73,,6684,101,,,0,33,,6696,101,,,0,73,,6689,101,,,0,33,,6695,101,,,0,73,,6685,101,,,0,33,,6699,101,,,0,73,,6703,101,,,0,73,,6694,101,,,0,33,,6697,101,,,0,73,,6702,101,,,0,33,,6698,101,,,0,73,,6691,101,,,0,33,,6692,101,,,0,73,,6693,101,,,0,33,,6700,101,,,0,73,,6690,101,,,0,33,,6688,101,,,0,73,,6705,101,,,0,28,,6701,101,,,0
