101,'312abbf0-fdea-4eb9-96c5-7a94145aceb2',716,,4823,5,,,0,33,,4825,5,,,0,73,,4818,5,,,0,33,,4805,5,,,0,73,,4835,5,,,0,73,,4814,5,,,0,33,,4827,5,,,0,73,,4809,5,,,0,33,,4811,5,,,0,73,,4834,5,,,0,33,,4816,5,,,0,74,,4829,5,,,0,34,,4836,5,,,0,77,,4832,5,,,0,75,,4812,5,,,0,35,,4803,5,,,0,75,,4826,5,,,0,35,,4824,5,,,0,75,,4819,5,,,0,33,,4806,5,,,0,73,,4828,5,,,0,73,,4808,5,,,0,33,,4821,5,,,0,73,,4810,5,,,0,33,,4822,5,,,0,73,,4807,5,,,0,30,,4831,5,,,0,70,,4817,5,,,0,30,,4820,5,,,0,70,,4833,5,,,0,10,,4830,5,,,0
101,'66e3ca25-c949-45bf-aa5b-2bde8ae66f69',749,,4856,5,,,0,73,,4843,5,,,0,33,,4844,5,,,0,73,,4842,5,,,0,73,,4837,5,,,0,33,,4854,5,,,0,73,,4852,5,,,0,33,,4841,5,,,0,73,,4839,5,,,0,33,,4847,5,,,0,73,,4845,5,,,0,33,,4853,5,,,0,73,,4838,5,,,0,33,,4849,5,,,0,73,,4840,5,,,0,73,,4851,5,,,0,33,,4848,5,,,0,73,,4857,5,,,0,33,,4850,5,,,0,73,,4855,5,,,0,33,,4846,5,,,0
101,'9ba31bfb-7050-4158-afae-0ffd0d63aa0c',749,,4872,5,,,0,73,,4880,5,,,0,33,,4859,5,,,0,73,,4877,5,,,0,73,,4869,5,,,0,33,,4866,5,,,0,73,,4870,5,,,0,33,,4861,5,,,0,73,,4876,5,,,0,33,,4863,5,,,0,73,,4862,5,,,0,33,,4867,5,,,0,73,,4868,5,,,0,33,,4860,5,,,0,73,,4864,5,,,0,73,,4875,5,,,0,33,,4871,5,,,0,73,,4865,5,,,0,33,,4873,5,,,0,73,,4874,5,,,0,33,,4878,5,,,0
101,'a6a1e58d-53c4-44f8-9966-8649a3a2e257',607,,4882,5,,,0,36,,4892,5,,,0,73,,4885,5,,,0,33,,4896,5,,,0,73,,4907,5,,,0,33,,4898,5,,,0,73,,4909,5,,,0,73,,4897,5,,,0,33,,4911,5,,,0,73,,4906,5,,,0,33,,4894,5,,,0,73,,4886,5,,,0,33,,4881,5,,,0,75,,4903,5,,,0,35,,4884,5,,,0,75,,4895,5,,,0,75,,4908,5,,,0,35,,4914,5,,,0,75,,4902,5,,,0,35,,4901,5,,,0,75,,4893,5,,,0,33,,4915,5,,,0,73,,4899,5,,,0,73,,4910,5,,,0,33,,4891,5,,,0,73,,4888,5,,,0,33,,4904,5,,,0,73,,4913,5,,,0,30,,4883,5,,,0,70,,4890,5,,,0,30,,4900,5,,,0,70,,4905,5,,,0,10,,4889,5,,,0
101,'cdcafeae-7da3-4ec3-beeb-64e1ab4dbc4b',749,,4934,5,,,0,73,,4929,5,,,0,33,,4916,5,,,0,73,,4920,5,,,0,73,,4925,5,,,0,33,,4933,5,,,0,73,,4937,5,,,0,33,,4917,5,,,0,73,,4935,5,,,0,33,,4931,5,,,0,73,,4928,5,,,0,33,,4919,5,,,0,73,,4932,5,,,0,33,,4921,5,,,0,73,,4923,5,,,0,73,,4926,5,,,0,33,,4927,5,,,0,73,,4918,5,,,0,33,,4936,5,,,0,73,,4922,5,,,0,33,,4930,5,,,0
3006000,'312abbf0-fdea-4eb9-96c5-7a94145aceb2',702,,6157,3,,,0,41,,6166,3,,,0,85,,6177,3,,,0,85,,6171,3,,,0,45,,6179,3,,,0,85,,6173,3,,,0,85,,6175,3,,,0,85,,6158,3,,,0,45,,6165,3,,,0,85,,6161,3,,,0,85,,6163,3,,,0,85,,6168,3,,,0,45,,6167,3,,,0,85,,6178,3,,,0,85,,6159,3,,,0,85,,6164,3,,,0,45,,6176,3,,,0,85,,6172,3,,,0,85,,6170,3,,,0,85,,6162,3,,,0,45,,6169,3,,,0,85,,6160,3,,,0,85,,6174,3,,,0
3006000,'66e3ca25-c949-45bf-aa5b-2bde8ae66f69',802,,6180,3,,,0,41,,6189,3,,,0,85,,6191,3,,,0,85,,6185,3,,,0,45,,6183,3,,,0,85,,6181,3,,,0,85,,6184,3,,,0,85,,6192,3,,,0,45,,6182,3,,,0,85,,6193,3,,,0,85,,6194,3,,,0,85,,6188,3,,,0,45,,6186,3,,,0,85,,6190,3,,,0,85,,6187,3,,,0
3006000,'9ba31bfb-7050-4158-afae-0ffd0d63aa0c',802,,6199,3,,,0,41,,6198,3,,,0,85,,6196,3,,,0,85,,6209,3,,,0,45,,6205,3,,,0,85,,6201,3,,,0,85,,6200,3,,,0,85,,6204,3,,,0,45,,6206,3,,,0,85,,6208,3,,,0,85,,6203,3,,,0,85,,6207,3,,,0,45,,6197,3,,,0,85,,6195,3,,,0,85,,6202,3,,,0
3006000,'a6a1e58d-53c4-44f8-9966-8649a3a2e257',1943,,6214,3,,,0,85,,6213,3,,,0,85,,6215,3,,,0,45,,6210,3,,,0,85,,6211,3,,,0,85,,6212,3,,,0
3006000,'cdcafeae-7da3-4ec3-beeb-64e1ab4dbc4b',802,,6221,3,,,0,41,,6227,3,,,0,85,,6226,3,,,0,85,,6223,3,,,0,45,,6224,3,,,0,85,,6230,3,,,0,85,,6229,3,,,0,85,,6228,3,,,0,45,,6219,3,,,0,85,,6225,3,,,0,85,,6222,3,,,0,85,,6218,3,,,0,45,,6216,3,,,0,85,,6217,3,,,0,85,,6220,3,,,0
