100,'1fe0d92c-9044-4814-8d20-55198bafd146',631,,6309,160,,,0,28,,6302,160,,,0,69,,6334,160,,,0,73,,6324,160,,,0,33,,6327,160,,,0,73,,6314,160,,,0,33,,6303,160,,,0,73,,6329,160,,,0,33,,6307,160,,,0,73,,6335,160,,,0,33,,6312,160,,,0,73,,6315,160,,,0,33,,6333,160,,,0,73,,6311,160,,,0,77,,6328,160,,,0,35,,6320,160,,,0,75,,6308,160,,,0,35,,6323,160,,,0,75,,6313,160,,,0,75,,6301,160,,,0,35,,6325,160,,,0,75,,6321,160,,,0,31,,6330,160,,,0,73,,6331,160,,,0,33,,6318,160,,,0,73,,6306,160,,,0,33,,6319,160,,,0,73,,6316,160,,,0,73,,6305,160,,,0,33,,6332,160,,,0,70,,6322,160,,,0,15,,6304,160,,,0,30,,6310,169,,,0
100,'9ecf710c-601d-465c-83ad-25c219925bad',725,,6349,160,,,0,76,,6345,160,,,0,33,,6348,160,,,0,73,,6340,160,,,0,33,,6363,160,,,0,73,,6358,160,,,0,33,,6341,160,,,0,73,,6336,160,,,0,33,,6351,160,,,0,73,,6362,160,,,0,33,,6368,160,,,0,73,,6355,160,,,0,77,,6357,160,,,0,35,,6367,160,,,0,75,,6347,160,,,0,35,,6338,160,,,0,75,,6353,160,,,0,75,,6344,160,,,0,35,,6346,160,,,0,75,,6350,160,,,0,31,,6352,160,,,0,73,,6356,160,,,0,33,,6366,160,,,0,73,,6343,160,,,0,33,,6361,160,,,0,73,,6342,160,,,0,73,,6364,160,,,0,33,,6360,160,,,0,70,,6339,160,,,0,15,,6337,160,,,0,30,,6365,169,,,0
100,'bcaf19fe-11ef-4115-afbb-ac9c5f562f28',834,,6383,160,,,0,73,,6384,160,,,0,33,,6369,160,,,0,73,,6382,160,,,0,33,,6388,160,,,0,73,,6371,160,,,0,33,,6387,160,,,0,73,,6377,160,,,0,33,,6380,160,,,0,73,,6374,160,,,0,73,,6372,160,,,0,33,,6385,160,,,0,73,,6373,160,,,0,33,,6370,160,,,0,73,,6376,160,,,0,33,,6391,160,,,0,73,,6378,160,,,0,33,,6389,160,,,0,73,,6375,160,,,0,73,,6379,169,,,0
100,'bf660328-88ad-42b5-9a19-68afdd8f4a47',834,,6399,160,,,0,73,,6401,160,,,0,33,,6406,160,,,0,73,,6393,160,,,0,33,,6396,160,,,0,73,,6410,160,,,0,33,,6395,160,,,0,73,,6405,160,,,0,33,,6411,160,,,0,73,,6403,160,,,0,73,,6404,160,,,0,33,,6392,160,,,0,73,,6397,160,,,0,33,,6398,160,,,0,73,,6412,160,,,0,33,,6409,160,,,0,73,,6402,160,,,0,33,,6400,160,,,0,73,,6407,160,,,0,73,,6408,169,,,0
100,'ed28f9c7-46cd-41bf-a6ca-237f78214646',834,,6430,160,,,0,73,,6419,160,,,0,33,,6414,160,,,0,73,,6433,160,,,0,33,,6425,160,,,0,73,,6418,160,,,0,33,,6423,160,,,0,73,,6421,160,,,0,33,,6429,160,,,0,73,,6428,160,,,0,73,,6424,160,,,0,33,,6422,160,,,0,73,,6426,160,,,0,33,,6417,160,,,0,73,,6432,160,,,0,33,,6413,160,,,0,73,,6434,160,,,0,33,,6427,160,,,0,73,,6435,160,,,0,73,,6420,169,,,0
3006001,'1fe0d92c-9044-4814-8d20-55198bafd146',1933,,7867,89,,,0,85,,7864,89,,,0,85,,7868,89,,,0,45,,7865,89,,,0,85,,7869,89,,,0,85,,7866,89,,,0
3006001,'9ecf710c-601d-465c-83ad-25c219925bad',733,,7883,89,,,0,85,,7871,89,,,0,85,,7890,89,,,0,45,,7885,89,,,0,85,,7887,89,,,0,85,,7879,89,,,0,85,,7882,89,,,0,45,,7886,89,,,0,85,,7875,89,,,0,85,,7881,89,,,0,85,,7876,89,,,0,45,,7880,89,,,0,85,,7874,89,,,0,85,,7891,89,,,0,85,,7877,89,,,0,45,,7888,89,,,0,85,,7872,89,,,0,85,,7873,89,,,0,85,,7889,89,,,0,45,,7884,89,,,0,85,,7870,89,,,0,85,,7878,89,,,0
3006001,'bcaf19fe-11ef-4115-afbb-ac9c5f562f28',833,,7896,89,,,0,85,,7903,89,,,0,85,,7900,89,,,0,45,,7905,89,,,0,85,,7894,89,,,0,85,,7902,89,,,0,85,,7893,89,,,0,45,,7897,89,,,0,85,,7892,89,,,0,85,,7895,89,,,0,85,,7901,89,,,0,45,,7899,89,,,0,85,,7898,89,,,0,85,,7904,89,,,0
3006001,'bf660328-88ad-42b5-9a19-68afdd8f4a47',833,,7917,89,,,0,85,,7916,89,,,0,85,,7911,89,,,0,45,,7906,89,,,0,85,,7909,89,,,0,85,,7913,89,,,0,85,,7908,89,,,0,45,,7915,89,,,0,85,,7919,89,,,0,85,,7907,89,,,0,85,,7910,89,,,0,45,,7912,89,,,0,85,,7918,89,,,0,85,,7914,89,,,0
3006001,'ed28f9c7-46cd-41bf-a6ca-237f78214646',833,,7925,89,,,0,85,,7933,89,,,0,85,,7923,89,,,0,45,,7921,89,,,0,85,,7929,89,,,0,85,,7926,89,,,0,85,,7927,89,,,0,45,,7931,89,,,0,85,,7930,89,,,0,85,,7928,89,,,0,85,,7922,89,,,0,45,,7920,89,,,0,85,,7924,89,,,0,85,,7932,89,,,0
