200,'1fe0d92c-9044-4814-8d20-55198bafd146',616,,6605,176,,,0,24,,6577,176,,,0,75,,6578,176,,,0,33,,6576,176,,,0,73,,6593,176,,,0,33,,6597,176,,,0,73,,6592,176,,,0,73,,6580,176,,,0,33,,6601,176,,,0,73,,6598,176,,,0,33,,6589,176,,,0,73,,6591,176,,,0,33,,6595,176,,,0,73,,6583,176,,,0,37,,6594,176,,,0,75,,6602,176,,,0,75,,6599,176,,,0,35,,6571,176,,,0,75,,6586,176,,,0,35,,6582,176,,,0,75,,6604,176,,,0,75,,6588,176,,,0,31,,6579,176,,,0,73,,6573,176,,,0,33,,6574,176,,,0,73,,6587,176,,,0,33,,6572,176,,,0,73,,6575,176,,,0,33,,6590,176,,,0,73,,6596,176,,,0,27,,6603,176,,,0,66,,6585,176,,,0,30,,6600,176,,,0
200,'9ecf710c-601d-465c-83ad-25c219925bad',715,,6632,176,,,0,33,,6610,176,,,0,73,,6612,176,,,0,33,,6628,176,,,0,73,,6625,176,,,0,73,,6639,176,,,0,33,,6634,176,,,0,73,,6627,176,,,0,33,,6637,176,,,0,73,,6623,176,,,0,33,,6633,176,,,0,73,,6607,176,,,0,37,,6635,176,,,0,75,,6624,176,,,0,75,,6621,176,,,0,35,,6622,176,,,0,75,,6617,176,,,0,35,,6606,176,,,0,75,,6620,176,,,0,75,,6611,176,,,0,31,,6636,176,,,0,73,,6629,176,,,0,33,,6638,176,,,0,73,,6614,176,,,0,33,,6616,176,,,0,73,,6619,176,,,0,33,,6608,176,,,0,73,,6630,176,,,0,27,,6609,176,,,0,66,,6626,176,,,0,30,,6618,176,,,0
200,'bcaf19fe-11ef-4115-afbb-ac9c5f562f28',821,,6646,176,,,0,33,,6656,176,,,0,73,,6642,176,,,0,73,,6648,176,,,0,33,,6649,176,,,0,73,,6644,176,,,0,33,,6641,176,,,0,73,,6651,176,,,0,33,,6652,176,,,0,73,,6645,176,,,0,33,,6657,176,,,0,73,,6643,176,,,0,33,,6650,176,,,0,73,,6647,176,,,0,73,,6658,176,,,0,33,,6640,176,,,0,73,,6655,176,,,0,33,,6660,176,,,0,73,,6653,176,,,0,33,,6661,176,,,0
200,'bf660328-88ad-42b5-9a19-68afdd8f4a47',821,,6671,176,,,0,33,,6683,176,,,0,73,,6681,176,,,0,73,,6670,176,,,0,33,,6665,176,,,0,73,,6675,176,,,0,33,,6682,176,,,0,73,,6668,176,,,0,33,,6679,176,,,0,73,,6667,176,,,0,33,,6669,176,,,0,73,,6662,176,,,0,33,,6680,176,,,0,73,,6676,176,,,0,73,,6677,176,,,0,33,,6666,176,,,0,73,,6664,176,,,0,33,,6678,176,,,0,73,,6674,176,,,0,33,,6673,176,,,0
200,'ed28f9c7-46cd-41bf-a6ca-237f78214646',821,,6687,176,,,0,33,,6704,176,,,0,73,,6684,176,,,0,73,,6696,176,,,0,33,,6689,176,,,0,73,,6695,176,,,0,33,,6685,176,,,0,73,,6699,176,,,0,33,,6703,176,,,0,73,,6694,176,,,0,33,,6686,176,,,0,73,,6702,176,,,0,33,,6698,176,,,0,73,,6691,176,,,0,73,,6692,176,,,0,33,,6693,176,,,0,73,,6700,176,,,0,33,,6690,176,,,0,73,,6688,176,,,0,33,,6705,176,,,0
300,'1fe0d92c-9044-4814-8d20-55198bafd146',627,,6857,66,,,0,74,,6862,66,,,0,32,,6846,66,,,0,73,,6855,66,,,0,33,,6856,66,,,0,73,,6865,66,,,0,33,,6853,66,,,0,73,,6864,66,,,0,33,,6847,66,,,0,73,,6837,66,,,0,33,,6841,66,,,0,73,,6844,66,,,0,73,,6860,66,,,0,37,,6866,66,,,0,75,,6851,66,,,0,35,,6850,66,,,0,75,,6849,66,,,0,75,,6843,66,,,0,35,,6863,66,,,0,75,,6839,66,,,0,35,,6854,66,,,0,74,,6838,66,,,0,32,,6840,66,,,0,74,,6861,66,,,0,33,,6848,66,,,0,73,,6867,66,,,0,73,,6869,66,,,0,33,,6868,66,,,0,73,,6858,66,,,0,28,,6859,66,,,0,65,,6852,66,,,0,20,,6845,66,,,0,30,,6842,66,,,0
300,'9ecf710c-601d-465c-83ad-25c219925bad',733,,6890,66,,,0,73,,6871,66,,,0,33,,6897,66,,,0,73,,6888,66,,,0,33,,6876,66,,,0,73,,6880,66,,,0,33,,6900,66,,,0,73,,6895,66,,,0,33,,6894,66,,,0,73,,6896,66,,,0,73,,6898,66,,,0,37,,6887,66,,,0,75,,6877,66,,,0,35,,6873,66,,,0,75,,6892,66,,,0,75,,6878,66,,,0,35,,6879,66,,,0,75,,6875,66,,,0,35,,6881,66,,,0,74,,6889,66,,,0,32,,6885,66,,,0,74,,6884,66,,,0,33,,6893,66,,,0,73,,6883,66,,,0,73,,6872,66,,,0,33,,6886,66,,,0,73,,6882,66,,,0,28,,6870,66,,,0,65,,6899,66,,,0,20,,6874,66,,,0,30,,6891,66,,,0
300,'bcaf19fe-11ef-4115-afbb-ac9c5f562f28',806,,6902,66,,,0,33,,6922,66,,,0,73,,6927,66,,,0,33,,6904,66,,,0,73,,6910,66,,,0,33,,6925,66,,,0,73,,6914,66,,,0,33,,6908,66,,,0,73,,6923,66,,,0,73,,6919,66,,,0,33,,6916,66,,,0,73,,6917,66,,,0,33,,6909,66,,,0,73,,6924,66,,,0,33,,6905,66,,,0,73,,6926,66,,,0,33,,6903,66,,,0,73,,6907,66,,,0,73,,6906,66,,,0,33,,6911,66,,,0,68,,6918,66,,,0,30,,6901,66,,,0,73,,6913,66,,,0,33,,6921,66,,,0,73,,6920,66,,,0,33,,6915,66,,,0,73,,6912,66,,,0
300,'bf660328-88ad-42b5-9a19-68afdd8f4a47',806,,6942,66,,,0,33,,6946,66,,,0,73,,6941,66,,,0,33,,6928,66,,,0,73,,6943,66,,,0,33,,6937,66,,,0,73,,6935,66,,,0,33,,6932,66,,,0,73,,6945,66,,,0,73,,6934,66,,,0,33,,6940,66,,,0,73,,6929,66,,,0,33,,6939,66,,,0,73,,6936,66,,,0,33,,6930,66,,,0,73,,6947,66,,,0,33,,6933,66,,,0,73,,6944,66,,,0,73,,6948,66,,,0,33,,6938,66,,,0,68,,6931,66,,,0
300,'ed28f9c7-46cd-41bf-a6ca-237f78214646',806,,6966,66,,,0,33,,6964,66,,,0,73,,6954,66,,,0,33,,6960,66,,,0,73,,6958,66,,,0,33,,6956,66,,,0,73,,6952,66,,,0,33,,6949,66,,,0,73,,6953,66,,,0,73,,6951,66,,,0,33,,6961,66,,,0,73,,6955,66,,,0,33,,6965,66,,,0,73,,6963,66,,,0,33,,6950,66,,,0,73,,6962,66,,,0,33,,6959,66,,,0,73,,6969,66,,,0,73,,6967,66,,,0,33,,6957,66,,,0,68,,6968,66,,,0
400,'1fe0d92c-9044-4814-8d20-55198bafd146',635,,7125,143,,,0,65,,7122,143,,,0,33,,7115,143,,,0,72,,7137,143,,,0,34,,7134,143,,,0,72,,7117,143,,,0,33,,7109,143,,,0,73,,7113,143,,,0,33,,7129,143,,,0,73,,7135,143,,,0,33,,7114,143,,,0,73,,7121,143,,,0,73,,7120,143,,,0,33,,7127,143,,,0,73,,7116,143,,,0,37,,7108,143,,,0,78,,7111,143,,,0,36,,7119,143,,,0,76,,7106,143,,,0,75,,7123,143,,,0,35,,7136,143,,,0,71,,7124,143,,,0,34,,7128,143,,,0,75,,7138,143,,,0,32,,7131,143,,,0,72,,7132,143,,,0,74,,7112,143,,,0,33,,7105,143,,,0,73,,7118,143,,,0,26,,7107,143,,,0,70,,7133,143,,,0,25,,7130,143,,,0,27,,7104,142,,,0
400,'9ecf710c-601d-465c-83ad-25c219925bad',733,,7148,143,,,0,72,,7155,143,,,0,35,,7159,143,,,0,71,,7143,143,,,0,33,,7154,143,,,0,73,,7144,143,,,0,33,,7153,143,,,0,73,,7151,143,,,0,33,,7168,143,,,0,73,,7167,143,,,0,73,,7146,143,,,0,33,,7139,143,,,0,73,,7156,143,,,0,37,,7150,143,,,0,78,,7162,143,,,0,36,,7166,143,,,0,76,,7141,143,,,0,75,,7160,143,,,0,35,,7163,143,,,0,71,,7140,143,,,0,34,,7157,143,,,0,75,,7149,143,,,0,32,,7169,143,,,0,72,,7145,143,,,0,74,,7165,143,,,0,33,,7152,143,,,0,73,,7142,143,,,0,26,,7164,143,,,0,70,,7147,143,,,0,25,,7158,143,,,0,27,,7170,142,,,0
400,'bcaf19fe-11ef-4115-afbb-ac9c5f562f28',840,,7179,143,,,0,71,,7181,143,,,0,33,,7185,143,,,0,73,,7197,143,,,0,33,,7188,143,,,0,73,,7173,143,,,0,33,,7194,143,,,0,73,,7193,143,,,0,73,,7186,143,,,0,33,,7191,143,,,0,73,,7187,143,,,0,33,,7195,143,,,0,73,,7189,143,,,0,33,,7174,143,,,0,73,,7171,143,,,0,33,,7190,143,,,0,73,,7184,143,,,0,33,,7177,143,,,0,73,,7183,143,,,0,73,,7199,143,,,0,33,,7192,143,,,0,73,,7182,143,,,0,28,,7180,143,,,0,70,,7176,143,,,0,33,,7175,143,,,0,73,,7172,143,,,0
400,'bf660328-88ad-42b5-9a19-68afdd8f4a47',840,,7216,143,,,0,71,,7208,143,,,0,33,,7205,143,,,0,73,,7206,143,,,0,33,,7201,143,,,0,73,,7219,143,,,0,33,,7202,143,,,0,73,,7204,143,,,0,73,,7213,143,,,0,33,,7212,143,,,0,73,,7218,143,,,0,33,,7214,143,,,0,73,,7200,143,,,0,33,,7217,143,,,0,73,,7211,143,,,0,33,,7203,143,,,0,73,,7209,143,,,0,33,,7207,143,,,0,73,,7215,143,,,0,73,,7210,142,,,0
400,'ed28f9c7-46cd-41bf-a6ca-237f78214646',840,,7225,143,,,0,71,,7227,143,,,0,33,,7234,143,,,0,73,,7236,143,,,0,33,,7222,143,,,0,73,,7224,143,,,0,33,,7221,143,,,0,73,,7233,143,,,0,73,,7232,143,,,0,33,,7240,143,,,0,73,,7229,143,,,0,33,,7228,143,,,0,73,,7237,143,,,0,33,,7235,143,,,0,73,,7231,143,,,0,33,,7226,143,,,0,73,,7239,143,,,0,33,,7223,143,,,0,73,,7238,143,,,0,73,,7230,142,,,0
