100,'1fe0d92c-9044-4814-8d20-55198bafd146',608,,6309,56,,,0,28,,6302,56,,,0,69,,6334,56,,,0,33,,6324,56,,,0,73,,6327,56,,,0,33,,6314,56,,,0,73,,6303,56,,,0,33,,6329,56,,,0,73,,6307,56,,,0,33,,6335,56,,,0,73,,6312,56,,,0,73,,6315,56,,,0,33,,6333,56,,,0,73,,6311,56,,,0,36,,6328,56,,,0,75,,6320,56,,,0,35,,6308,56,,,0,75,,6323,56,,,0,75,,6317,56,,,0,35,,6301,56,,,0,75,,6325,56,,,0,35,,6321,56,,,0,72,,6330,56,,,0,33,,6331,56,,,0,73,,6318,56,,,0,73,,6306,56,,,0,33,,6319,56,,,0,73,,6316,56,,,0,33,,6305,56,,,0,73,,6332,56,,,0,30,,6322,56,,,0,59,,6304,56,,,0,30,,6310,65,,,0,23,,6326,65,,,0
100,'9ecf710c-601d-465c-83ad-25c219925bad',702,,6349,56,,,0,36,,6345,56,,,0,73,,6348,56,,,0,33,,6340,56,,,0,73,,6363,56,,,0,33,,6358,56,,,0,73,,6341,56,,,0,33,,6336,56,,,0,73,,6351,56,,,0,73,,6362,56,,,0,33,,6368,56,,,0,73,,6355,56,,,0,36,,6357,56,,,0,75,,6367,56,,,0,35,,6347,56,,,0,75,,6354,56,,,0,75,,6353,56,,,0,35,,6344,56,,,0,77,,6346,56,,,0,33,,6350,56,,,0,72,,6352,56,,,0,33,,6356,56,,,0,73,,6366,56,,,0,73,,6343,56,,,0,33,,6361,56,,,0,73,,6342,56,,,0,33,,6364,56,,,0,73,,6360,56,,,0,30,,6339,56,,,0,59,,6337,56,,,0,30,,6365,65,,,0,23,,6359,65,,,0
100,'bcaf19fe-11ef-4115-afbb-ac9c5f562f28',811,,6383,56,,,0,33,,6384,56,,,0,73,,6369,56,,,0,33,,6382,56,,,0,73,,6388,56,,,0,33,,6371,56,,,0,73,,6387,56,,,0,73,,6377,56,,,0,33,,6380,56,,,0,73,,6386,56,,,0,33,,6381,56,,,0,73,,6385,56,,,0,33,,6373,56,,,0,73,,6370,56,,,0,33,,6376,56,,,0,73,,6391,56,,,0,33,,6378,56,,,0,73,,6389,56,,,0,73,,6375,56,,,0,33,,6379,65,,,0,65,,6390,65,,,0
100,'bf660328-88ad-42b5-9a19-68afdd8f4a47',811,,6399,56,,,0,33,,6401,56,,,0,73,,6406,56,,,0,33,,6393,56,,,0,73,,6396,56,,,0,33,,6410,56,,,0,73,,6395,56,,,0,73,,6405,56,,,0,33,,6411,56,,,0,73,,6403,56,,,0,33,,6404,56,,,0,73,,6392,56,,,0,33,,6397,56,,,0,73,,6398,56,,,0,33,,6412,56,,,0,73,,6409,56,,,0,33,,6402,56,,,0,73,,6400,56,,,0,73,,6407,56,,,0,33,,6408,65,,,0,65,,6394,65,,,0
100,'ed28f9c7-46cd-41bf-a6ca-237f78214646',811,,6430,56,,,0,33,,6419,56,,,0,73,,6414,56,,,0,33,,6433,56,,,0,73,,6425,56,,,0,33,,6418,56,,,0,73,,6423,56,,,0,73,,6421,56,,,0,33,,6429,56,,,0,73,,6416,56,,,0,33,,6415,56,,,0,73,,6422,56,,,0,33,,6426,56,,,0,73,,6417,56,,,0,33,,6432,56,,,0,73,,6413,56,,,0,33,,6434,56,,,0,73,,6427,56,,,0,73,,6435,56,,,0,33,,6420,65,,,0,65,,6431,65,,,0
101,'1fe0d92c-9044-4814-8d20-55198bafd146',612,,6467,144,,,0,26,,6462,144,,,0,76,,6464,144,,,0,33,,6440,144,,,0,73,,6437,144,,,0,33,,6450,144,,,0,73,,6456,144,,,0,33,,6448,144,,,0,73,,6443,144,,,0,73,,6457,144,,,0,33,,6439,144,,,0,73,,6447,144,,,0,33,,6466,144,,,0,73,,6452,144,,,0,37,,6451,144,,,0,75,,6442,144,,,0,75,,6438,144,,,0,35,,6453,144,,,0,75,,6469,144,,,0,35,,6458,144,,,0,75,,6454,144,,,0,35,,6463,144,,,0,71,,6465,144,,,0,73,,6441,144,,,0,33,,6461,144,,,0,73,,6460,144,,,0,33,,6445,144,,,0,73,,6444,144,,,0,33,,6459,144,,,0,70,,6446,144,,,0,24,,6455,144,,,0,70,,6470,144,,,0,30,,6468,144,,,0,10,,6449,148,,,0
101,'9ecf710c-601d-465c-83ad-25c219925bad',714,,6471,144,,,0,33,,6482,144,,,0,73,,6490,144,,,0,33,,6504,144,,,0,73,,6473,144,,,0,33,,6496,144,,,0,73,,6481,144,,,0,73,,6502,144,,,0,33,,6476,144,,,0,73,,6499,144,,,0,33,,6495,144,,,0,73,,6477,144,,,0,37,,6498,144,,,0,75,,6484,144,,,0,75,,6483,144,,,0,35,,6479,144,,,0,75,,6488,144,,,0,35,,6475,144,,,0,75,,6494,144,,,0,35,,6501,144,,,0,71,,6480,144,,,0,73,,6500,144,,,0,33,,6497,144,,,0,73,,6493,144,,,0,33,,6492,144,,,0,73,,6489,144,,,0,33,,6486,144,,,0,70,,6472,144,,,0,24,,6474,144,,,0,70,,6485,144,,,0,30,,6491,144,,,0,10,,6478,148,,,0
101,'bcaf19fe-11ef-4115-afbb-ac9c5f562f28',820,,6516,144,,,0,33,,6518,144,,,0,73,,6522,144,,,0,33,,6507,144,,,0,73,,6506,144,,,0,73,,6511,144,,,0,33,,6509,144,,,0,73,,6505,144,,,0,33,,6526,144,,,0,73,,6510,144,,,0,33,,6521,144,,,0,73,,6515,144,,,0,33,,6508,144,,,0,73,,6525,144,,,0,73,,6513,144,,,0,33,,6520,144,,,0,73,,6523,144,,,0,33,,6519,144,,,0,73,,6517,144,,,0,33,,6524,144,,,0
101,'bf660328-88ad-42b5-9a19-68afdd8f4a47',820,,6548,144,,,0,33,,6527,144,,,0,73,,6537,144,,,0,33,,6534,144,,,0,73,,6547,144,,,0,73,,6539,144,,,0,33,,6541,144,,,0,73,,6535,144,,,0,33,,6542,144,,,0,73,,6545,144,,,0,33,,6538,144,,,0,73,,6533,144,,,0,33,,6531,144,,,0,73,,6530,144,,,0,73,,6529,144,,,0,33,,6546,144,,,0,73,,6532,144,,,0,33,,6536,144,,,0,73,,6543,144,,,0,33,,6540,144,,,0
101,'ed28f9c7-46cd-41bf-a6ca-237f78214646',820,,6565,144,,,0,33,,6567,144,,,0,73,,6569,144,,,0,33,,6550,144,,,0,73,,6557,144,,,0,73,,6563,144,,,0,33,,6564,144,,,0,73,,6556,144,,,0,33,,6561,144,,,0,73,,6554,144,,,0,33,,6552,144,,,0,73,,6553,144,,,0,33,,6558,144,,,0,73,,6562,144,,,0,73,,6549,144,,,0,33,,6555,144,,,0,73,,6560,144,,,0,33,,6559,144,,,0,73,,6568,144,,,0,33,,6551,144,,,0
200,'1fe0d92c-9044-4814-8d20-55198bafd146',613,,6577,56,,,0,35,,6578,56,,,0,73,,6576,56,,,0,33,,6593,56,,,0,73,,6597,56,,,0,73,,6592,56,,,0,33,,6580,56,,,0,73,,6601,56,,,0,33,,6598,56,,,0,73,,6589,56,,,0,33,,6591,56,,,0,73,,6595,56,,,0,33,,6583,56,,,0,76,,6581,56,,,0,75,,6602,56,,,0,35,,6599,56,,,0,75,,6571,56,,,0,35,,6586,56,,,0,75,,6582,56,,,0,35,,6604,56,,,0,75,,6588,56,,,0,72,,6579,56,,,0,33,,6573,56,,,0,73,,6574,56,,,0,33,,6587,56,,,0,73,,6572,56,,,0,33,,6575,56,,,0,73,,6590,56,,,0,33,,6596,56,,,0,72,,6603,56,,,0,24,,6585,56,,,0,70,,6600,56,,,0,20,,6584,56,,,0
200,'9ecf710c-601d-465c-83ad-25c219925bad',721,,6610,56,,,0,33,,6612,56,,,0,73,,6628,56,,,0,73,,6625,56,,,0,33,,6639,56,,,0,73,,6634,56,,,0,33,,6627,56,,,0,73,,6637,56,,,0,33,,6623,56,,,0,73,,6633,56,,,0,33,,6607,56,,,0,76,,6635,56,,,0,75,,6624,56,,,0,35,,6621,56,,,0,75,,6613,56,,,0,35,,6615,56,,,0,75,,6606,56,,,0,35,,6620,56,,,0,75,,6611,56,,,0,72,,6636,56,,,0,33,,6629,56,,,0,73,,6638,56,,,0,33,,6614,56,,,0,73,,6616,56,,,0,33,,6619,56,,,0,73,,6608,56,,,0,33,,6630,56,,,0,70,,6609,56,,,0,26,,6626,56,,,0,70,,6618,56,,,0,20,,6631,56,,,0
200,'bcaf19fe-11ef-4115-afbb-ac9c5f562f28',827,,6656,56,,,0,73,,6642,56,,,0,33,,6648,56,,,0,73,,6649,56,,,0,33,,6644,56,,,0,73,,6641,56,,,0,33,,6651,56,,,0,73,,6652,56,,,0,33,,6645,56,,,0,73,,6654,56,,,0,33,,6643,56,,,0,73,,6650,56,,,0,73,,6647,56,,,0,33,,6658,56,,,0,73,,6640,56,,,0,33,,6655,56,,,0,73,,6660,56,,,0,33,,6653,56,,,0,73,,6661,56,,,0,28,,6659,56,,,0
200,'bf660328-88ad-42b5-9a19-68afdd8f4a47',827,,6683,56,,,0,73,,6681,56,,,0,33,,6670,56,,,0,73,,6665,56,,,0,33,,6675,56,,,0,73,,6682,56,,,0,33,,6668,56,,,0,73,,6679,56,,,0,33,,6667,56,,,0,73,,6663,56,,,0,33,,6662,56,,,0,73,,6680,56,,,0,73,,6676,56,,,0,33,,6677,56,,,0,73,,6666,56,,,0,33,,6664,56,,,0,73,,6678,56,,,0,33,,6674,56,,,0,73,,6673,56,,,0,28,,6672,56,,,0
200,'ed28f9c7-46cd-41bf-a6ca-237f78214646',827,,6704,56,,,0,73,,6684,56,,,0,33,,6696,56,,,0,73,,6689,56,,,0,33,,6695,56,,,0,73,,6685,56,,,0,33,,6699,56,,,0,73,,6703,56,,,0,33,,6694,56,,,0,73,,6697,56,,,0,33,,6702,56,,,0,73,,6698,56,,,0,73,,6691,56,,,0,33,,6692,56,,,0,73,,6693,56,,,0,33,,6700,56,,,0,73,,6690,56,,,0,33,,6688,56,,,0,73,,6705,56,,,0,28,,6701,56,,,0
