301,'312abbf0-fdea-4eb9-96c5-7a94145aceb2',718,,5338,8,,,0,33,,5358,8,,,0,73,,5352,8,,,0,33,,5340,8,,,0,73,,5355,8,,,0,73,,5342,8,,,0,33,,5359,8,,,0,73,,5357,8,,,0,33,,5343,8,,,0,73,,5337,8,,,0,35,,5350,8,,,0,75,,5354,8,,,0,75,,5364,8,,,0,35,,5356,8,,,0,75,,5344,8,,,0,35,,5348,8,,,0,75,,5347,8,,,0,35,,5339,8,,,0,75,,5345,8,,,0,73,,5367,8,,,0,34,,5351,8,,,0,73,,5365,8,,,0,33,,5366,8,,,0,73,,5363,8,,,0,33,,5361,8,,,0,73,,5353,8,,,0,33,,5349,8,,,0,73,,5346,8,,,0,20,,5360,8,,,0,70,,5362,8,,,0,25,,5341,8,,,0
301,'66e3ca25-c949-45bf-aa5b-2bde8ae66f69',751,,5380,8,,,0,73,,5386,8,,,0,33,,5377,8,,,0,73,,5368,8,,,0,73,,5378,8,,,0,33,,5371,8,,,0,73,,5385,8,,,0,33,,5383,8,,,0,73,,5388,8,,,0,33,,5373,8,,,0,73,,5379,8,,,0,33,,5372,8,,,0,73,,5369,8,,,0,73,,5381,8,,,0,33,,5376,8,,,0,73,,5375,8,,,0,33,,5370,8,,,0,73,,5384,8,,,0,33,,5387,8,,,0,73,,5374,8,,,0,25,,5382,8,,,0
301,'9ba31bfb-7050-4158-afae-0ffd0d63aa0c',751,,5409,8,,,0,73,,5389,8,,,0,33,,5406,8,,,0,73,,5405,8,,,0,73,,5391,8,,,0,33,,5400,8,,,0,73,,5393,8,,,0,33,,5401,8,,,0,73,,5397,8,,,0,33,,5390,8,,,0,73,,5402,8,,,0,33,,5399,8,,,0,73,,5408,8,,,0,73,,5394,8,,,0,33,,5395,8,,,0,73,,5396,8,,,0,33,,5404,8,,,0,73,,5392,8,,,0,33,,5407,8,,,0,73,,5398,8,,,0,25,,5403,8,,,0
301,'a6a1e58d-53c4-44f8-9966-8649a3a2e257',613,,5411,8,,,0,32,,5424,8,,,0,73,,5430,8,,,0,33,,5442,8,,,0,73,,5440,8,,,0,33,,5428,8,,,0,73,,5414,8,,,0,73,,5441,8,,,0,33,,5426,8,,,0,73,,5415,8,,,0,33,,5423,8,,,0,73,,5421,8,,,0,35,,5433,8,,,0,75,,5427,8,,,0,75,,5437,8,,,0,35,,5425,8,,,0,75,,5435,8,,,0,35,,5413,8,,,0,75,,5429,8,,,0,35,,5422,8,,,0,75,,5420,8,,,0,73,,5438,8,,,0,34,,5432,8,,,0,73,,5439,8,,,0,33,,5417,8,,,0,73,,5410,8,,,0,33,,5436,8,,,0,73,,5418,8,,,0,33,,5412,8,,,0,73,,5419,8,,,0,20,,5434,8,,,0,70,,5431,8,,,0,25,,5416,8,,,0
301,'cdcafeae-7da3-4ec3-beeb-64e1ab4dbc4b',751,,5459,8,,,0,73,,5447,8,,,0,33,,5455,8,,,0,73,,5462,8,,,0,73,,5468,8,,,0,33,,5446,8,,,0,73,,5465,8,,,0,33,,5449,8,,,0,73,,5452,8,,,0,33,,5451,8,,,0,73,,5456,8,,,0,33,,5454,8,,,0,73,,5464,8,,,0,73,,5448,8,,,0,33,,5461,8,,,0,73,,5458,8,,,0,33,,5444,8,,,0,73,,5469,8,,,0,33,,5445,8,,,0,73,,5457,8,,,0,25,,5460,8,,,0,73,,5467,8,,,0,33,,5450,8,,,0,73,,5470,8,,,0,33,,5466,8,,,0,73,,5443,8,,,0,73,,5453,8,,,0,33,,5463,8,,,0
401,'312abbf0-fdea-4eb9-96c5-7a94145aceb2',713,,5614,6,,,0,32,,5633,6,,,0,73,,5629,6,,,0,33,,5636,6,,,0,73,,5637,6,,,0,33,,5621,6,,,0,73,,5627,6,,,0,73,,5610,6,,,0,33,,5609,6,,,0,73,,5640,6,,,0,33,,5634,6,,,0,75,,5639,6,,,0,38,,5615,6,,,0,75,,5638,6,,,0,75,,5635,6,,,0,35,,5616,6,,,0,75,,5626,6,,,0,35,,5631,6,,,0,74,,5617,6,,,0,35,,5625,6,,,0,72,,5619,6,,,0,72,,5632,6,,,0,34,,5613,6,,,0,73,,5622,6,,,0,33,,5618,6,,,0,73,,5608,6,,,0,33,,5611,6,,,0,73,,5628,6,,,0,27,,5623,6,,,0,65,,5630,6,,,0,19,,5624,6,,,0
401,'66e3ca25-c949-45bf-aa5b-2bde8ae66f69',818,,5655,6,,,0,33,,5659,6,,,0,73,,5642,6,,,0,33,,5661,6,,,0,73,,5650,6,,,0,73,,5649,6,,,0,33,,5654,6,,,0,73,,5651,6,,,0,33,,5644,6,,,0,73,,5643,6,,,0,33,,5652,6,,,0,73,,5647,6,,,0,33,,5645,6,,,0,73,,5658,6,,,0,73,,5656,6,,,0,33,,5657,6,,,0,73,,5660,6,,,0,33,,5641,6,,,0,73,,5648,6,,,0,33,,5653,6,,,0
401,'9ba31bfb-7050-4158-afae-0ffd0d63aa0c',818,,5671,6,,,0,33,,5684,6,,,0,73,,5664,6,,,0,33,,5674,6,,,0,73,,5672,6,,,0,73,,5677,6,,,0,33,,5680,6,,,0,73,,5683,6,,,0,33,,5667,6,,,0,73,,5669,6,,,0,33,,5663,6,,,0,73,,5675,6,,,0,33,,5679,6,,,0,73,,5665,6,,,0,73,,5682,6,,,0,33,,5676,6,,,0,73,,5666,6,,,0,33,,5670,6,,,0,73,,5681,6,,,0,33,,5678,6,,,0
401,'a6a1e58d-53c4-44f8-9966-8649a3a2e257',608,,5707,6,,,0,31,,5696,6,,,0,74,,5688,6,,,0,32,,5702,6,,,0,73,,5693,6,,,0,33,,5712,6,,,0,73,,5699,6,,,0,33,,5686,6,,,0,73,,5697,6,,,0,73,,5713,6,,,0,33,,5715,6,,,0,73,,5706,6,,,0,33,,5687,6,,,0,75,,5685,6,,,0,38,,5689,6,,,0,75,,5704,6,,,0,75,,5705,6,,,0,35,,5708,6,,,0,75,,5701,6,,,0,35,,5700,6,,,0,74,,5694,6,,,0,35,,5716,6,,,0,72,,5692,6,,,0,72,,5710,6,,,0,34,,5690,6,,,0,73,,5703,6,,,0,33,,5717,6,,,0,73,,5698,6,,,0,33,,5709,6,,,0,73,,5695,6,,,0,27,,5711,6,,,0,65,,5691,6,,,0,19,,5714,6,,,0
401,'cdcafeae-7da3-4ec3-beeb-64e1ab4dbc4b',818,,5745,6,,,0,33,,5729,6,,,0,73,,5736,6,,,0,33,,5746,6,,,0,73,,5726,6,,,0,73,,5721,6,,,0,33,,5743,6,,,0,73,,5731,6,,,0,33,,5741,6,,,0,73,,5728,6,,,0,33,,5718,6,,,0,73,,5739,6,,,0,33,,5734,6,,,0,73,,5719,6,,,0,73,,5724,6,,,0,33,,5738,6,,,0,73,,5725,6,,,0,33,,5722,6,,,0,73,,5733,6,,,0,33,,5720,6,,,0,68,,5740,6,,,0,30,,5744,6,,,0,73,,5735,6,,,0,33,,5730,6,,,0,73,,5723,6,,,0,33,,5742,6,,,0,73,,5727,6,,,0
