1,100,'1fe0d92c-9044-4814-8d20-55198bafd146',6301,6302,6303,6304,6305,6306,6307,6308,6309,6310,6311,6312,6313,6314,6315,6316,6317,6318,6319,6320,6321,6322,6323,6324,6325,6326,6327,6328,6329,6330,6331,6332,6333,6334,6335
1,100,'9ecf710c-601d-465c-83ad-25c219925bad',6336,6337,6338,6339,6340,6341,6342,6343,6344,6345,6346,6347,6348,6349,6350,6351,6352,6353,6354,6355,6356,6357,6358,6359,6360,6361,6362,6363,6364,6365,6366,6367,6368
1,100,'bcaf19fe-11ef-4115-afbb-ac9c5f562f28',6369,6370,6371,6372,6373,6374,6375,6376,6377,6378,6379,6380,6381,6382,6383,6384,6385,6386,6387,6388,6389,6390,6391
1,100,'bf660328-88ad-42b5-9a19-68afdd8f4a47',6392,6393,6394,6395,6396,6397,6398,6399,6400,6401,6402,6403,6404,6405,6406,6407,6408,6409,6410,6411,6412
1,100,'ed28f9c7-46cd-41bf-a6ca-237f78214646',6413,6414,6415,6416,6417,6418,6419,6420,6421,6422,6423,6424,6425,6426,6427,6428,6429,6430,6431,6432,6433,6434,6435
1,101,'1fe0d92c-9044-4814-8d20-55198bafd146',6436,6437,6438,6439,6440,6441,6442,6443,6444,6445,6446,6447,6448,6449,6450,6451,6452,6453,6454,6455,6456,6457,6458,6459,6460,6461,6462,6463,6464,6465,6466,6467,6468,6469,6470
1,101,'9ecf710c-601d-465c-83ad-25c219925bad',6471,6472,6473,6474,6475,6476,6477,6478,6479,6480,6481,6482,6483,6484,6485,6486,6487,6488,6489,6490,6491,6492,6493,6494,6495,6496,6497,6498,6499,6500,6501,6502,6503,6504
1,101,'bcaf19fe-11ef-4115-afbb-ac9c5f562f28',6505,6506,6507,6508,6509,6510,6511,6512,6513,6514,6515,6516,6517,6518,6519,6520,6521,6522,6523,6524,6525,6526
1,101,'bf660328-88ad-42b5-9a19-68afdd8f4a47',6527,6528,6529,6530,6531,6532,6533,6534,6535,6536,6537,6538,6539,6540,6541,6542,6543,6544,6545,6546,6547,6548
1,101,'ed28f9c7-46cd-41bf-a6ca-237f78214646',6549,6550,6551,6552,6553,6554,6555,6556,6557,6558,6559,6560,6561,6562,6563,6564,6565,6566,6567,6568,6569,6570
2,200,'1fe0d92c-9044-4814-8d20-55198bafd146',6571,6572,6573,6574,6575,6576,6577,6578,6579,6580,6581,6582,6583,6584,6585,6586,6587,6588,6589,6590,6591,6592,6593,6594,6595,6596,6597,6598,6599,6600,6601,6602,6603,6604,6605
2,200,'9ecf710c-601d-465c-83ad-25c219925bad',6606,6607,6608,6609,6610,6611,6612,6613,6614,6615,6616,6617,6618,6619,6620,6621,6622,6623,6624,6625,6626,6627,6628,6629,6630,6631,6632,6633,6634,6635,6636,6637,6638,6639
2,200,'bcaf19fe-11ef-4115-afbb-ac9c5f562f28',6640,6641,6642,6643,6644,6645,6646,6647,6648,6649,6650,6651,6652,6653,6654,6655,6656,6657,6658,6659,6660,6661
2,200,'bf660328-88ad-42b5-9a19-68afdd8f4a47',6662,6663,6664,6665,6666,6667,6668,6669,6670,6671,6672,6673,6674,6675,6676,6677,6678,6679,6680,6681,6682,6683
2,200,'ed28f9c7-46cd-41bf-a6ca-237f78214646',6684,6685,6686,6687,6688,6689,6690,6691,6692,6693,6694,6695,6696,6697,6698,6699,6700,6701,6702,6703,6704,6705
2,201,'1fe0d92c-9044-4814-8d20-55198bafd146',6706,6707,6708,6709,6710,6711,6712,6713,6714,6715,6716,6717,6718,6719,6720,6721,6722,6723,6724,6725,6726,6727,6728,6729,6730,6731,6732,6733,6734,6735,6736,6737,6738,6739,6740
2,201,'9ecf710c-601d-465c-83ad-25c219925bad',6741,6742,6743,6744,6745,6746,6747,6748,6749,6750,6751,6752,6753,6754,6755,6756,6757,6758,6759,6760,6761,6762,6763,6764,6765,6766,6767,6768,6769,6770,6771,6772
2,201,'bcaf19fe-11ef-4115-afbb-ac9c5f562f28',6773,6774,6775,6776,6777,6778,6779,6780,6781,6782,6783,6784,6785,6786,6787,6788,6789,6790,6791,6792,6793,6794
2,201,'bf660328-88ad-42b5-9a19-68afdd8f4a47',6795,6796,6797,6798,6799,6800,6801,6802,6803,6804,6805,6806,6807,6808,6809,6810,6811,6812,6813,6814
2,201,'ed28f9c7-46cd-41bf-a6ca-237f78214646',6815,6816,6817,6818,6819,6820,6821,6822,6823,6824,6825,6826,6827,6828,6829,6830,6831,6832,6833,6834,6835,6836
3,300,'1fe0d92c-9044-4814-8d20-55198bafd146',6837,6838,6839,6840,6841,6842,6843,6844,6845,6846,6847,6848,6849,6850,6851,6852,6853,6854,6855,6856,6857,6858,6859,6860,6861,6862,6863,6864,6865,6866,6867,6868,6869
3,300,'9ecf710c-601d-465c-83ad-25c219925bad',6870,6871,6872,6873,6874,6875,6876,6877,6878,6879,6880,6881,6882,6883,6884,6885,6886,6887,6888,6889,6890,6891,6892,6893,6894,6895,6896,6897,6898,6899,6900
3,300,'bcaf19fe-11ef-4115-afbb-ac9c5f562f28',6901,6902,6903,6904,6905,6906,6907,6908,6909,6910,6911,6912,6913,6914,6915,6916,6917,6918,6919,6920,6921,6922,6923,6924,6925,6926,6927
3,300,'bf660328-88ad-42b5-9a19-68afdd8f4a47',6928,6929,6930,6931,6932,6933,6934,6935,6936,6937,6938,6939,6940,6941,6942,6943,6944,6945,6946,6947,6948
3,300,'ed28f9c7-46cd-41bf-a6ca-237f78214646',6949,6950,6951,6952,6953,6954,6955,6956,6957,6958,6959,6960,6961,6962,6963,6964,6965,6966,6967,6968,6969
3,301,'1fe0d92c-9044-4814-8d20-55198bafd146',6970,6971,6972,6973,6974,6975,6976,6977,6978,6979,6980,6981,6982,6983,6984,6985,6986,6987,6988,6989,6990,6991,6992,6993,6994,6995,6996,6997,6998,6999,7000,7001,7002
3,301,'9ecf710c-601d-465c-83ad-25c219925bad',7003,7004,7005,7006,7007,7008,7009,7010,7011,7012,7013,7014,7015,7016,7017,7018,7019,7020,7021,7022,7023,7024,7025,7026,7027,7028,7029,7030,7031,7032,7033
3,301,'bcaf19fe-11ef-4115-afbb-ac9c5f562f28',7034,7035,7036,7037,7038,7039,7040,7041,7042,7043,7044,7045,7046,7047,7048,7049,7050,7051,7052,7053,7054,7055,7056,7057,7058,7059,7060,7061
3,301,'bf660328-88ad-42b5-9a19-68afdd8f4a47',7062,7063,7064,7065,7066,7067,7068,7069,7070,7071,7072,7073,7074,7075,7076,7077,7078,7079,7080,7081,7082
3,301,'ed28f9c7-46cd-41bf-a6ca-237f78214646',7083,7084,7085,7086,7087,7088,7089,7090,7091,7092,7093,7094,7095,7096,7097,7098,7099,7100,7101,7102,7103
4,400,'1fe0d92c-9044-4814-8d20-55198bafd146',7104,7105,7106,7107,7108,7109,7110,7111,7112,7113,7114,7115,7116,7117,7118,7119,7120,7121,7122,7123,7124,7125,7126,7127,7128,7129,7130,7131,7132,7133,7134,7135,7136,7137,7138
4,400,'9ecf710c-601d-465c-83ad-25c219925bad',7139,7140,7141,7142,7143,7144,7145,7146,7147,7148,7149,7150,7151,7152,7153,7154,7155,7156,7157,7158,7159,7160,7161,7162,7163,7164,7165,7166,7167,7168,7169,7170
4,400,'bcaf19fe-11ef-4115-afbb-ac9c5f562f28',7171,7172,7173,7174,7175,7176,7177,7178,7179,7180,7181,7182,7183,7184,7185,7186,7187,7188,7189,7190,7191,7192,7193,7194,7195,7196,7197,7198,7199
4,400,'bf660328-88ad-42b5-9a19-68afdd8f4a47',7200,7201,7202,7203,7204,7205,7206,7207,7208,7209,7210,7211,7212,7213,7214,7215,7216,7217,7218,7219
4,400,'ed28f9c7-46cd-41bf-a6ca-237f78214646',7220,7221,7222,7223,7224,7225,7226,7227,7228,7229,7230,7231,7232,7233,7234,7235,7236,7237,7238,7239,7240
4,401,'1fe0d92c-9044-4814-8d20-55198bafd146',7241,7242,7243,7244,7245,7246,7247,7248,7249,7250,7251,7252,7253,7254,7255,7256,7257,7258,7259,7260,7261,7262,7263,7264,7265,7266,7267,7268,7269,7270,7271,7272,7273
4,401,'9ecf710c-601d-465c-83ad-25c219925bad',7274,7275,7276,7277,7278,7279,7280,7281,7282,7283,7284,7285,7286,7287,7288,7289,7290,7291,7292,7293,7294,7295,7296,7297,7298,7299,7300,7301,7302,7303,7304,7305,7306
4,401,'bcaf19fe-11ef-4115-afbb-ac9c5f562f28',7307,7308,7309,7310,7311,7312,7313,7314,7315,7316,7317,7318,7319,7320,7321,7322,7323,7324,7325,7326,7327,7328,7329,7330,7331,7332,7333,7334,7335
4,401,'bf660328-88ad-42b5-9a19-68afdd8f4a47',7336,7337,7338,7339,7340,7341,7342,7343,7344,7345,7346,7347,7348,7349,7350,7351,7352,7353,7354,7355,7356,7357
4,401,'ed28f9c7-46cd-41bf-a6ca-237f78214646',7358,7359,7360,7361,7362,7363,7364,7365,7366,7367,7368,7369,7370,7371,7372,7373,7374,7375,7376,7377,7378,7379
51,5100,'1fe0d92c-9044-4814-8d20-55198bafd146',7380,7381,7382,7383,7384,7385,7386,7387,7388,7389,7390,7391,7392,7393,7394,7395,7396
51,5100,'9ecf710c-601d-465c-83ad-25c219925bad',7397,7398,7399,7400,7401,7402,7403,7404,7405,7406,7407,7408,7409,7410,7411,7412,7413,7414
51,5101,'1fe0d92c-9044-4814-8d20-55198bafd146',7415,7416,7417,7418,7419,7420,7421,7422,7423,7424,7425,7426,7427,7428,7429,7430,7431,7432,7433
51,5101,'9ecf710c-601d-465c-83ad-25c219925bad',7434,7435,7436,7437,7438,7439,7440,7441,7442,7443,7444,7445,7446,7447,7448,7449,7450,7451
52,5200,'1fe0d92c-9044-4814-8d20-55198bafd146',7452,7453,7454,7455,7456,7457,7458,7459,7460,7461,7462,7463,7464,7465,7466,7467,7468,7469,7470
52,5200,'9ecf710c-601d-465c-83ad-25c219925bad',7471,7472,7473,7474,7475,7476,7477,7478,7479,7480,7481,7482,7483,7484,7485,7486,7487,7488
52,5201,'1fe0d92c-9044-4814-8d20-55198bafd146',7489,7490,7491,7492,7493,7494,7495,7496,7497,7498,7499,7500,7501,7502,7503,7504,7505,7506,7507,7508
52,5201,'9ecf710c-601d-465c-83ad-25c219925bad',7509,7510,7511,7512,7513,7514,7515,7516,7517,7518,7519,7520,7521,7522,7523,7524,7525,7526
53,5300,'1fe0d92c-9044-4814-8d20-55198bafd146',7527,7528,7529,7530,7531,7532,7533,7534,7535,7536,7537,7538,7539,7540,7541,7542,7543,7544,7545,7546,7547,7548,7549,7550,7551
53,5300,'9ecf710c-601d-465c-83ad-25c219925bad',7552,7553,7554,7555,7556,7557,7558,7559,7560,7561,7562,7563,7564,7565,7566,7567,7568,7569,7570,7571,7572,7573,7574
53,5301,'1fe0d92c-9044-4814-8d20-55198bafd146',7575,7576,7577,7578,7579,7580,7581,7582,7583,7584,7585,7586,7587,7588,7589,7590,7591,7592,7593,7594,7595,7596,7597,7598
53,5301,'9ecf710c-601d-465c-83ad-25c219925bad',7599,7600,7601,7602,7603,7604,7605,7606,7607,7608,7609,7610,7611,7612,7613,7614,7615,7616,7617,7618,7619,7620
62,6200,'1fe0d92c-9044-4814-8d20-55198bafd146',7621,7622,7623,7624,7625,7626,7627,7628,7629,7630,7631,7632,7633,7634,7635,7636,7637,7638,7639,7640,7641,7642,7643,7644
62,6201,'1fe0d92c-9044-4814-8d20-55198bafd146',7645,7646,7647,7648,7649,7650,7651,7652,7653,7654,7655,7656,7657,7658,7659,7660,7661,7662,7663,7664,7665,7666,7667,7668
10060,1006000,'1fe0d92c-9044-4814-8d20-55198bafd146',7669,7670,7671,7672,7673,7674,7675,7676,7677,7678,7679,7680,7681
10060,1006001,'1fe0d92c-9044-4814-8d20-55198bafd146',7682,7683,7684,7685,7686,7687,7688,7689,7690,7691,7692,7693,7694
10061,1006100,'1fe0d92c-9044-4814-8d20-55198bafd146',7695,7696,7697,7698,7699,7700,7701,7702,7703,7704,7705,7706,7707,7708,7709,7710,7711
10061,1006101,'1fe0d92c-9044-4814-8d20-55198bafd146',7712,7713,7714,7715,7716,7717,7718,7719,7720,7721,7722,7723,7724,7725,7726,7727,7728,7729
20060,2006000,'1fe0d92c-9044-4814-8d20-55198bafd146',7730,7731,7732,7733,7734,7735,7736,7737,7738,7739,7740,7741,7742
20060,2006001,'1fe0d92c-9044-4814-8d20-55198bafd146',7743,7744,7745,7746,7747,7748,7749,7750,7751,7752,7753,7754,7755
20061,2006100,'1fe0d92c-9044-4814-8d20-55198bafd146',7756,7757,7758,7759,7760,7761,7762,7763,7764,7765,7766,7767,7768,7769,7770,7771,7772
20061,2006101,'1fe0d92c-9044-4814-8d20-55198bafd146',7773,7774,7775,7776,7777,7778,7779,7780,7781,7782,7783,7784,7785,7786,7787,7788,7789
30060,3006000,'1fe0d92c-9044-4814-8d20-55198bafd146',7790,7791,7792,7793,7794,7795
30060,3006000,'9ecf710c-601d-465c-83ad-25c219925bad',7796,7797,7798,7799,7800,7801,7802,7803,7804,7805,7806,7807,7808,7809,7810,7811,7812,7813,7814,7815,7816,7817,7818
30060,3006000,'bcaf19fe-11ef-4115-afbb-ac9c5f562f28',7819,7820,7821,7822,7823,7824,7825,7826,7827,7828,7829,7830,7831,7832,7833
30060,3006000,'bf660328-88ad-42b5-9a19-68afdd8f4a47',7834,7835,7836,7837,7838,7839,7840,7841,7842,7843,7844,7845,7846,7847,7848
30060,3006000,'ed28f9c7-46cd-41bf-a6ca-237f78214646',7849,7850,7851,7852,7853,7854,7855,7856,7857,7858,7859,7860,7861,7862,7863
30060,3006001,'1fe0d92c-9044-4814-8d20-55198bafd146',7864,7865,7866,7867,7868,7869
30060,3006001,'9ecf710c-601d-465c-83ad-25c219925bad',7870,7871,7872,7873,7874,7875,7876,7877,7878,7879,7880,7881,7882,7883,7884,7885,7886,7887,7888,7889,7890,7891
30060,3006001,'bcaf19fe-11ef-4115-afbb-ac9c5f562f28',7892,7893,7894,7895,7896,7897,7898,7899,7900,7901,7902,7903,7904,7905
30060,3006001,'bf660328-88ad-42b5-9a19-68afdd8f4a47',7906,7907,7908,7909,7910,7911,7912,7913,7914,7915,7916,7917,7918,7919
30060,3006001,'ed28f9c7-46cd-41bf-a6ca-237f78214646',7920,7921,7922,7923,7924,7925,7926,7927,7928,7929,7930,7931,7932,7933
