101,'1fe0d92c-9044-4814-8d20-55198bafd146',557,,6467,56,,,0,66,,6462,56,,,0,36,,6464,56,,,0,73,,6440,56,,,0,73,,6437,56,,,0,33,,6450,56,,,0,73,,6456,56,,,0,33,,6448,56,,,0,73,,6443,56,,,0,33,,6457,56,,,0,73,,6439,56,,,0,33,,6447,56,,,0,73,,6466,56,,,0,73,,6452,56,,,0,36,,6451,56,,,0,75,,6442,56,,,0,35,,6438,56,,,0,75,,6453,56,,,0,35,,6469,56,,,0,75,,6458,56,,,0,75,,6454,56,,,0,35,,6463,56,,,0,72,,6465,56,,,0,33,,6441,56,,,0,73,,6461,56,,,0,33,,6460,56,,,0,73,,6445,56,,,0,73,,6444,56,,,0,33,,6459,56,,,0,70,,6446,56,,,0,26,,6455,56,,,0,30,,6470,56,,,0,70,,6468,56,,,0,10,,6449,56,,,0
101,'9ecf710c-601d-465c-83ad-25c219925bad',659,,6471,56,,,0,73,,6482,56,,,0,73,,6490,56,,,0,33,,6504,56,,,0,73,,6473,56,,,0,33,,6496,56,,,0,73,,6481,56,,,0,33,,6502,56,,,0,73,,6476,56,,,0,33,,6499,56,,,0,73,,6495,56,,,0,73,,6477,56,,,0,36,,6498,56,,,0,75,,6484,56,,,0,35,,6483,56,,,0,75,,6479,56,,,0,35,,6488,56,,,0,75,,6475,56,,,0,75,,6494,56,,,0,35,,6501,56,,,0,72,,6480,56,,,0,33,,6500,56,,,0,73,,6497,56,,,0,33,,6493,56,,,0,73,,6492,56,,,0,73,,6489,56,,,0,33,,6486,56,,,0,70,,6472,56,,,0,26,,6474,56,,,0,30,,6485,56,,,0,70,,6491,56,,,0,10,,6478,56,,,0
101,'bcaf19fe-11ef-4115-afbb-ac9c5f562f28',805,,6516,56,,,0,33,,6518,56,,,0,73,,6522,56,,,0,33,,6507,56,,,0,73,,6506,56,,,0,33,,6511,56,,,0,73,,6509,56,,,0,33,,6505,56,,,0,73,,6526,56,,,0,73,,6510,56,,,0,33,,6521,56,,,0,73,,6515,56,,,0,33,,6508,56,,,0,73,,6525,56,,,0,33,,6513,56,,,0,73,,6520,56,,,0,33,,6523,56,,,0,73,,6519,56,,,0,33,,6517,56,,,0,73,,6524,56,,,0,73,,6512,56,4,,0
101,'bf660328-88ad-42b5-9a19-68afdd8f4a47',805,,6548,56,,,0,33,,6527,56,,,0,73,,6537,56,,,0,33,,6534,56,,,0,73,,6547,56,,,0,33,,6539,56,,,0,73,,6541,56,,,0,33,,6535,56,,,0,73,,6542,56,,,0,73,,6545,56,,,0,33,,6538,56,,,0,73,,6533,56,,,0,33,,6531,56,,,0,73,,6530,56,,,0,33,,6529,56,,,0,73,,6546,56,,,0,33,,6532,56,,,0,73,,6536,56,,,0,33,,6543,56,,,0,73,,6540,56,,,0,73,,6528,56,4,,0
101,'ed28f9c7-46cd-41bf-a6ca-237f78214646',805,,6565,56,,,0,33,,6567,56,,,0,73,,6569,56,,,0,33,,6550,56,,,0,73,,6557,56,,,0,33,,6563,56,,,0,73,,6564,56,,,0,33,,6556,56,,,0,73,,6561,56,,,0,73,,6554,56,,,0,33,,6552,56,,,0,73,,6553,56,,,0,33,,6558,56,,,0,73,,6562,56,,,0,33,,6549,56,,,0,73,,6555,56,,,0,33,,6560,56,,,0,73,,6559,56,,,0,33,,6568,56,,,0,73,,6551,56,,,0,73,,6570,56,4,,0
201,'1fe0d92c-9044-4814-8d20-55198bafd146',610,,6714,75,,,0,33,,6727,75,,,0,73,,6711,75,,,0,33,,6737,75,,,0,73,,6710,75,,,0,33,,6708,75,,,0,73,,6706,75,,,0,73,,6736,75,,,0,33,,6732,75,,,0,73,,6720,75,,,0,33,,6715,75,,,0,73,,6718,75,,,0,33,,6712,75,,,0,76,,6719,75,,,0,35,,6717,75,,,0,75,,6739,75,,,0,75,,6740,75,,,0,35,,6707,75,,,0,75,,6730,75,,,0,35,,6716,75,,,0,74,,6729,75,,,0,33,,6721,75,,,0,73,,6725,75,,,0,73,,6738,75,,,0,33,,6722,75,,,0,73,,6709,75,,,0,33,,6724,75,,,0,73,,6735,75,,,0,33,,6733,75,,,0,68,,6726,75,,,0,30,,6713,75,,,0,70,,6734,75,,,0,25,,6731,75,,,0
201,'9ecf710c-601d-465c-83ad-25c219925bad',716,,6755,75,,,0,33,,6758,75,,,0,73,,6766,75,,,0,33,,6770,75,,,0,73,,6771,75,,,0,73,,6764,75,,,0,33,,6772,75,,,0,73,,6763,75,,,0,33,,6753,75,,,0,73,,6757,75,,,0,33,,6748,75,,,0,76,,6746,75,,,0,35,,6754,75,,,0,75,,6768,75,,,0,75,,6761,75,,,0,35,,6742,75,,,0,75,,6743,75,,,0,35,,6759,75,,,0,75,,6752,75,,,0,32,,6762,75,,,0,73,,6744,75,,,0,73,,6760,75,,,0,33,,6747,75,,,0,73,,6749,75,,,0,33,,6767,75,,,0,73,,6745,75,,,0,33,,6769,75,,,0,68,,6751,75,,,0,30,,6741,75,,,0,70,,6756,75,,,0,25,,6765,75,,,0
201,'bcaf19fe-11ef-4115-afbb-ac9c5f562f28',822,,6791,75,,,0,33,,6773,75,,,0,73,,6774,75,,,0,73,,6786,75,,,0,33,,6790,75,,,0,73,,6793,75,,,0,33,,6787,75,,,0,73,,6792,75,,,0,33,,6777,75,,,0,73,,6784,75,,,0,33,,6794,75,,,0,73,,6775,75,,,0,33,,6778,75,,,0,73,,6781,75,,,0,73,,6782,75,,,0,33,,6776,75,,,0,73,,6785,75,,,0,33,,6789,75,,,0,73,,6783,75,,,0,33,,6779,75,,,0
201,'bf660328-88ad-42b5-9a19-68afdd8f4a47',822,,6797,75,,,0,33,,6798,75,,,0,73,,6803,75,,,0,73,,6804,75,,,0,33,,6811,75,,,0,73,,6813,75,,,0,33,,6808,75,,,0,73,,6806,75,,,0,33,,6809,75,,,0,73,,6800,75,,,0,33,,6799,75,,,0,73,,6801,75,,,0,33,,6795,75,,,0,73,,6814,75,,,0,73,,6805,75,,,0,33,,6810,75,,,0,73,,6807,75,,,0,33,,6802,75,,,0,73,,6812,75,,,0,33,,6796,75,,,0
201,'ed28f9c7-46cd-41bf-a6ca-237f78214646',822,,6832,75,,,0,33,,6836,75,,,0,73,,6835,75,,,0,73,,6821,75,,,0,33,,6830,75,,,0,73,,6817,75,,,0,33,,6822,75,,,0,73,,6823,75,,,0,33,,6827,75,,,0,73,,6828,75,,,0,33,,6816,75,,,0,73,,6820,75,,,0,33,,6819,75,,,0,73,,6826,75,,,0,73,,6815,75,,,0,33,,6829,75,,,0,73,,6824,75,,,0,33,,6818,75,,,0,73,,6834,75,,,0,33,,6833,75,,,0
400,'1fe0d92c-9044-4814-8d20-55198bafd146',609,,7125,66,,,0,25,,7122,66,,,0,73,,7115,66,,,0,32,,7137,66,,,0,74,,7134,66,,,0,32,,7117,66,,,0,73,,7109,66,,,0,33,,7126,66,4,,0,73,,7129,66,,,0,33,,7135,66,,,0,73,,7114,66,,,0,73,,7121,66,,,0,33,,7110,66,4,,0,73,,7127,66,,,0,33,,7116,66,,,0,76,,7108,66,,,0,38,,7111,66,,,0,76,,7119,66,,,0,76,,7106,66,,,0,35,,7123,66,,,0,75,,7136,66,,,0,32,,7124,66,,,0,74,,7128,66,,,0,35,,7138,66,,,0,72,,7131,66,,,0,72,,7132,66,,,0,34,,7112,66,,,0,73,,7105,66,,,0,33,,7118,66,,,0,68,,7107,66,,,0,30,,7133,66,,,0,65,,7130,66,,,0,27,,7104,66,,,0
400,'9ecf710c-601d-465c-83ad-25c219925bad',707,,7148,66,,,0,32,,7155,66,,,0,75,,7159,66,,,0,31,,7143,66,,,0,73,,7154,66,,,0,33,,7144,66,,,0,73,,7153,66,,,0,33,,7151,66,,,0,73,,7168,66,,,0,73,,7167,66,,,0,33,,7146,66,,,0,73,,7139,66,,,0,33,,7156,66,,,0,76,,7161,66,4,,0,38,,7162,66,,,0,76,,7166,66,,,0,76,,7141,66,,,0,35,,7160,66,,,0,75,,7163,66,,,0,32,,7140,66,,,0,74,,7157,66,,,0,35,,7149,66,,,0,72,,7169,66,,,0,72,,7145,66,,,0,34,,7165,66,,,0,73,,7152,66,,,0,33,,7142,66,,,0,68,,7164,66,,,0,30,,7147,66,,,0,65,,7158,66,,,0,27,,7170,66,,,0
400,'bcaf19fe-11ef-4115-afbb-ac9c5f562f28',814,,7179,66,,,0,31,,7181,66,,,0,73,,7185,66,,,0,33,,7197,66,,,0,73,,7188,66,,,0,33,,7173,66,,,0,73,,7194,66,,,0,73,,7193,66,,,0,33,,7186,66,,,0,73,,7191,66,,,0,33,,7198,66,4,,0,73,,7195,66,,,0,33,,7189,66,,,0,73,,7174,66,,,0,33,,7171,66,,,0,73,,7190,66,,,0,73,,7184,66,,,0,33,,7177,66,,,0,73,,7183,66,,,0,33,,7199,66,,,0,73,,7192,66,,,0,33,,7182,66,,,0,68,,7180,66,,,0,30,,7176,66,,,0,73,,7175,66,,,0,33,,7172,66,,,0,66,,7178,66,,,0,109,,7196,66,4,,0
400,'bf660328-88ad-42b5-9a19-68afdd8f4a47',814,,7216,66,,,0,31,,7208,66,,,0,73,,7205,66,,,0,33,,7206,66,,,0,73,,7201,66,,,0,33,,7219,66,,,0,73,,7202,66,,,0,73,,7204,66,,,0,33,,7213,66,,,0,73,,7212,66,,,0,33,,7218,66,,,0,73,,7214,66,,,0,33,,7200,66,,,0,73,,7217,66,,,0,33,,7211,66,,,0,73,,7203,66,,,0,73,,7209,66,,,0,33,,7207,66,,,0,73,,7215,66,,,0,33,,7210,66,,,0
400,'ed28f9c7-46cd-41bf-a6ca-237f78214646',814,,7225,66,,,0,31,,7227,66,,,0,73,,7234,66,,,0,33,,7236,66,,,0,73,,7222,66,,,0,33,,7224,66,,,0,73,,7221,66,,,0,73,,7233,66,,,0,33,,7232,66,,,0,73,,7240,66,,,0,33,,7220,66,4,,0,73,,7228,66,,,0,33,,7237,66,,,0,73,,7235,66,,,0,33,,7231,66,,,0,73,,7226,66,,,0,73,,7239,66,,,0,33,,7223,66,,,0,73,,7238,66,,,0,33,,7230,66,,,0
1006100,'1fe0d92c-9044-4814-8d20-55198bafd146',703,,7708,79,4,,0,40,,7700,79,4,,0,85,,7711,79,4,,0,85,,7706,79,4,,0,45,,7695,79,4,,0,85,,7697,79,4,,0,85,,7699,79,4,,0,85,,7705,79,4,,0,45,,7707,79,4,,0,85,,7696,79,4,,0,85,,7709,79,4,,0,85,,7710,79,4,,0,45,,7701,79,4,,0,85,,7702,79,4,,0,85,,7703,79,4,,0,85,,7704,79,4,,0,45,,7698,79,4,,0
1006101,'1fe0d92c-9044-4814-8d20-55198bafd146',605,,7720,0,,,0,40,,7716,0,,,0,85,,7726,0,,,0,85,,7722,0,,,0,85,,7728,0,,,0,45,,7712,0,,,0,85,,7723,0,,,0,85,,7718,0,,,0,85,,7727,0,,,0,45,,7729,0,,,0,85,,7717,0,,,0,85,,7724,0,,,0,85,,7719,0,,,0,45,,7714,0,,,0,85,,7713,0,,,0,85,,7721,0,,,0,85,,7715,0,,,0,45,,7725,0,,,0
2006100,'1fe0d92c-9044-4814-8d20-55198bafd146',644,,7769,60,4,,0,80,,7765,60,4,,0,85,,7764,60,4,,0,45,,7758,60,4,,0,85,,7760,60,4,,0,85,,7768,60,4,,0,85,,7759,60,4,,0,45,,7763,60,4,,0,85,,7770,60,4,,0,85,,7772,60,4,,0,85,,7757,60,4,,0,45,,7771,60,4,,0,85,,7762,60,4,,0,85,,7761,60,4,,0,85,,7756,60,4,,0,45,,7766,60,4,,0,85,,7767,60,4,,0
2006101,'1fe0d92c-9044-4814-8d20-55198bafd146',625,,7781,0,,,0,80,,7779,0,,,0,45,,7783,0,,,0,85,,7780,0,,,0,85,,7778,0,,,0,85,,7776,0,,,0,45,,7785,0,,,0,85,,7786,0,,,0,85,,7787,0,,,0,85,,7788,0,,,0,45,,7774,0,,,0,85,,7789,0,,,0,85,,7782,0,,,0,85,,7773,0,,,0,45,,7777,0,,,0,85,,7784,0,,,0,85,,7775,0,,,0
