101,'1fe0d92c-9044-4814-8d20-55198bafd146',559,,6467,65,,,0,66,,6462,65,,,0,76,,6464,65,,,0,33,,6440,65,,,0,73,,6437,65,,,0,33,,6450,65,,,0,73,,6456,65,,,0,33,,6448,65,,,0,73,,6443,65,,,0,33,,6457,65,,,0,73,,6439,65,,,0,33,,6447,65,,,0,73,,6466,65,,,0,73,,6452,65,,,0,37,,6451,65,,,0,75,,6442,65,,,0,35,,6438,65,,,0,75,,6453,65,,,0,75,,6469,65,,,0,35,,6458,65,,,0,75,,6454,65,,,0,35,,6463,65,,,0,71,,6465,65,,,0,33,,6441,65,,,0,73,,6461,65,,,0,33,,6460,65,,,0,73,,6445,65,,,0,73,,6444,65,,,0,33,,6459,65,,,0,70,,6446,65,,,0,26,,6455,65,,,0,70,,6470,65,,,0,30,,6468,65,,,0,10,,6449,65,,,0
101,'9ecf710c-601d-465c-83ad-25c219925bad',701,,6471,65,,,0,33,,6482,65,,,0,73,,6490,65,,,0,33,,6504,65,,,0,73,,6473,65,,,0,33,,6496,65,,,0,73,,6481,65,,,0,33,,6502,65,,,0,73,,6476,65,,,0,33,,6499,65,,,0,73,,6495,65,,,0,73,,6477,65,,,0,37,,6498,65,,,0,75,,6484,65,,,0,35,,6483,65,,,0,75,,6479,65,,,0,75,,6488,65,,,0,35,,6475,65,,,0,75,,6494,65,,,0,35,,6501,65,,,0,71,,6480,65,,,0,33,,6500,65,,,0,73,,6497,65,,,0,33,,6493,65,,,0,73,,6492,65,,,0,73,,6489,65,,,0,33,,6486,65,,,0,70,,6472,65,,,0,26,,6474,65,,,0,70,,6485,65,,,0,30,,6491,65,,,0,10,,6478,65,,,0
101,'bcaf19fe-11ef-4115-afbb-ac9c5f562f28',807,,6516,65,,,0,33,,6518,65,,,0,73,,6522,65,,,0,33,,6507,65,,,0,73,,6506,65,,,0,33,,6511,65,,,0,73,,6509,65,,,0,33,,6505,65,,,0,73,,6526,65,,,0,73,,6510,65,,,0,33,,6521,65,,,0,73,,6515,65,,,0,33,,6508,65,,,0,73,,6525,65,,,0,33,,6513,65,,,0,73,,6520,65,,,0,33,,6523,65,,,0,73,,6519,65,,,0,73,,6517,65,,,0,33,,6524,65,,,0
101,'bf660328-88ad-42b5-9a19-68afdd8f4a47',807,,6548,65,,,0,33,,6527,65,,,0,73,,6537,65,,,0,33,,6534,65,,,0,73,,6547,65,,,0,33,,6539,65,,,0,73,,6541,65,,,0,33,,6535,65,,,0,73,,6542,65,,,0,73,,6545,65,,,0,33,,6538,65,,,0,73,,6533,65,,,0,33,,6531,65,,,0,73,,6530,65,,,0,33,,6529,65,,,0,73,,6546,65,,,0,33,,6532,65,,,0,73,,6536,65,,,0,73,,6543,65,,,0,33,,6540,65,,,0
101,'ed28f9c7-46cd-41bf-a6ca-237f78214646',807,,6565,65,,,0,33,,6567,65,,,0,73,,6569,65,,,0,33,,6550,65,,,0,73,,6557,65,,,0,33,,6563,65,,,0,73,,6564,65,,,0,33,,6556,65,,,0,73,,6561,65,,,0,73,,6554,65,,,0,33,,6552,65,,,0,73,,6553,65,,,0,33,,6558,65,,,0,73,,6562,65,,,0,33,,6549,65,,,0,73,,6555,65,,,0,33,,6560,65,,,0,73,,6559,65,,,0,73,,6568,65,,,0,33,,6551,65,,,0
201,'1fe0d92c-9044-4814-8d20-55198bafd146',612,,6714,83,,,0,33,,6727,83,,,0,73,,6711,83,,,0,33,,6737,83,,,0,73,,6710,83,,,0,33,,6708,83,,,0,73,,6706,83,,,0,73,,6736,83,,,0,33,,6732,83,,,0,73,,6720,83,,,0,33,,6715,83,,,0,73,,6718,83,,,0,33,,6712,83,,,0,77,,6719,83,,,0,75,,6717,83,,,0,35,,6739,83,,,0,75,,6740,83,,,0,35,,6707,83,,,0,75,,6730,83,,,0,35,,6716,83,,,0,73,,6729,83,,,0,73,,6721,83,,,0,33,,6725,83,,,0,73,,6738,83,,,0,33,,6722,83,,,0,73,,6709,83,,,0,33,,6724,83,,,0,73,,6735,83,,,0,33,,6733,83,,,0,68,,6726,83,,,0,30,,6713,83,,,0,70,,6734,83,,,0,25,,6731,83,,,0
201,'9ecf710c-601d-465c-83ad-25c219925bad',718,,6755,83,,,0,33,,6758,83,,,0,73,,6766,83,,,0,33,,6770,83,,,0,73,,6771,83,,,0,73,,6764,83,,,0,33,,6772,83,,,0,73,,6763,83,,,0,33,,6753,83,,,0,73,,6757,83,,,0,33,,6748,83,,,0,77,,6746,83,,,0,75,,6754,83,,,0,35,,6768,83,,,0,75,,6761,83,,,0,35,,6742,83,,,0,75,,6743,83,,,0,35,,6759,83,,,0,75,,6752,83,,,0,71,,6762,83,,,0,33,,6744,83,,,0,73,,6760,83,,,0,33,,6747,83,,,0,73,,6749,83,,,0,33,,6767,83,,,0,73,,6745,83,,,0,33,,6769,83,,,0,68,,6751,83,,,0,30,,6741,83,,,0,70,,6756,83,,,0,25,,6765,83,,,0
201,'bcaf19fe-11ef-4115-afbb-ac9c5f562f28',824,,6791,83,,,0,33,,6773,83,,,0,73,,6774,83,,,0,73,,6786,83,,,0,33,,6790,83,,,0,73,,6793,83,,,0,33,,6787,83,,,0,73,,6792,83,,,0,33,,6777,83,,,0,73,,6784,83,,,0,33,,6794,83,,,0,73,,6775,83,,,0,73,,6778,83,,,0,33,,6781,83,,,0,73,,6782,83,,,0,33,,6776,83,,,0,73,,6785,83,,,0,33,,6789,83,,,0,73,,6783,83,,,0,33,,6779,83,,,0
201,'bf660328-88ad-42b5-9a19-68afdd8f4a47',824,,6797,83,,,0,33,,6798,83,,,0,73,,6803,83,,,0,73,,6804,83,,,0,33,,6811,83,,,0,73,,6813,83,,,0,33,,6808,83,,,0,73,,6806,83,,,0,33,,6809,83,,,0,73,,6800,83,,,0,33,,6799,83,,,0,73,,6801,83,,,0,73,,6795,83,,,0,33,,6814,83,,,0,73,,6805,83,,,0,33,,6810,83,,,0,73,,6807,83,,,0,33,,6802,83,,,0,73,,6812,83,,,0,33,,6796,83,,,0
201,'ed28f9c7-46cd-41bf-a6ca-237f78214646',824,,6832,83,,,0,33,,6836,83,,,0,73,,6835,83,,,0,73,,6821,83,,,0,33,,6830,83,,,0,73,,6817,83,,,0,33,,6822,83,,,0,73,,6823,83,,,0,33,,6827,83,,,0,73,,6828,83,,,0,33,,6816,83,,,0,73,,6820,83,,,0,73,,6819,83,,,0,33,,6826,83,,,0,73,,6815,83,,,0,33,,6829,83,,,0,73,,6824,83,,,0,33,,6818,83,,,0,73,,6834,83,,,0,33,,6833,83,,,0
