200,'1fe0d92c-9044-4814-8d20-55198bafd146',606,,6605,130,,,0,24,,6577,130,,,0,75,,6578,130,,,0,33,,6576,130,,,0,73,,6593,130,,,0,33,,6597,130,,,0,73,,6592,130,,,0,33,,6580,130,,,0,73,,6601,130,,,0,33,,6598,130,,,0,73,,6589,130,,,0,73,,6591,130,,,0,33,,6595,130,,,0,73,,6583,130,,,0,37,,6594,130,,,0,75,,6602,130,,,0,35,,6599,130,,,0,75,,6571,130,,,0,75,,6586,130,,,0,35,,6582,130,,,0,75,,6604,130,,,0,35,,6588,130,,,0,71,,6579,130,,,0,33,,6573,130,,,0,73,,6574,130,,,0,73,,6587,130,,,0,33,,6572,130,,,0,73,,6575,130,,,0,33,,6590,130,,,0,73,,6596,130,,,0,28,,6603,130,,,0,66,,6585,130,,,0,30,,6600,130,,,0
200,'9ecf710c-601d-465c-83ad-25c219925bad',705,,6632,130,,,0,33,,6610,130,,,0,73,,6612,130,,,0,33,,6628,130,,,0,73,,6625,130,,,0,33,,6639,130,,,0,73,,6634,130,,,0,33,,6627,130,,,0,73,,6637,130,,,0,73,,6623,130,,,0,33,,6633,130,,,0,73,,6607,130,,,0,37,,6635,130,,,0,75,,6624,130,,,0,35,,6621,130,,,0,75,,6622,130,,,0,75,,6617,130,,,0,35,,6606,130,,,0,75,,6620,130,,,0,35,,6611,130,,,0,71,,6636,130,,,0,33,,6629,130,,,0,73,,6638,130,,,0,73,,6614,130,,,0,33,,6616,130,,,0,73,,6619,130,,,0,33,,6608,130,,,0,73,,6630,130,,,0,28,,6609,130,,,0,66,,6626,130,,,0,30,,6618,130,,,0
200,'bcaf19fe-11ef-4115-afbb-ac9c5f562f28',811,,6646,130,,,0,33,,6656,130,,,0,73,,6642,130,,,0,33,,6648,130,,,0,73,,6649,130,,,0,33,,6644,130,,,0,73,,6641,130,,,0,73,,6651,130,,,0,33,,6652,130,,,0,73,,6645,130,,,0,33,,6657,130,,,0,73,,6643,130,,,0,33,,6650,130,,,0,73,,6647,130,,,0,33,,6658,130,,,0,73,,6640,130,,,0,33,,6655,130,,,0,73,,6660,130,,,0,73,,6653,130,,,0,33,,6661,130,,,0
200,'bf660328-88ad-42b5-9a19-68afdd8f4a47',811,,6671,130,,,0,33,,6683,130,,,0,73,,6681,130,,,0,33,,6670,130,,,0,73,,6665,130,,,0,33,,6675,130,,,0,73,,6682,130,,,0,73,,6668,130,,,0,33,,6679,130,,,0,73,,6667,130,,,0,33,,6669,130,,,0,73,,6662,130,,,0,33,,6680,130,,,0,73,,6676,130,,,0,33,,6677,130,,,0,73,,6666,130,,,0,33,,6664,130,,,0,73,,6678,130,,,0,73,,6674,130,,,0,33,,6673,130,,,0
200,'ed28f9c7-46cd-41bf-a6ca-237f78214646',811,,6687,130,,,0,33,,6704,130,,,0,73,,6684,130,,,0,33,,6696,130,,,0,73,,6689,130,,,0,33,,6695,130,,,0,73,,6685,130,,,0,73,,6699,130,,,0,33,,6703,130,,,0,73,,6694,130,,,0,33,,6686,130,,,0,73,,6702,130,,,0,33,,6698,130,,,0,73,,6691,130,,,0,33,,6692,130,,,0,73,,6693,130,,,0,33,,6700,130,,,0,73,,6690,130,,,0,73,,6688,130,,,0,33,,6705,130,,,0
301,'1fe0d92c-9044-4814-8d20-55198bafd146',619,,6988,21,,,0,32,,6998,21,,,0,73,,6994,21,,,0,33,,6999,21,,,0,73,,6975,21,,,0,73,,6985,21,,,0,33,,6971,21,,,0,73,,6989,21,,,0,33,,6978,21,,,0,73,,6993,21,,,0,33,,6981,21,,,0,73,,6973,21,,,0,35,,6979,21,,,0,75,,6987,21,,,0,75,,6983,21,,,0,35,,6995,21,,,0,75,,6982,21,,,0,35,,6974,21,,,0,75,,6992,21,,,0,75,,6984,21,,,0,35,,6997,21,,,0,73,,7000,21,,,0,34,,6980,21,,,0,73,,7002,21,,,0,33,,6976,21,,,0,73,,6972,21,,,0,33,,6970,21,,,0,73,,6990,21,,,0,73,,6986,21,,,0,33,,6996,21,,,0,20,,6991,21,,,0,70,,6977,21,,,0,25,,7001,21,,,0
301,'9ecf710c-601d-465c-83ad-25c219925bad',724,,7024,21,,,0,33,,7032,21,,,0,73,,7022,21,,,0,73,,7004,21,,,0,33,,7020,21,,,0,73,,7021,21,,,0,33,,7030,21,,,0,73,,7014,21,,,0,33,,7003,21,,,0,73,,7033,21,,,0,35,,7031,21,,,0,75,,7019,21,,,0,75,,7015,21,,,0,35,,7009,21,,,0,75,,7006,21,,,0,35,,7026,21,,,0,75,,7025,21,,,0,75,,7013,21,,,0,35,,7005,21,,,0,73,,7012,21,,,0,34,,7016,21,,,0,73,,7029,21,,,0,33,,7008,21,,,0,73,,7011,21,,,0,33,,7007,21,,,0,73,,7028,21,,,0,73,,7010,21,,,0,33,,7027,21,,,0,20,,7018,21,,,0,70,,7017,21,,,0,25,,7023,21,,,0
301,'bcaf19fe-11ef-4115-afbb-ac9c5f562f28',757,,7046,21,,,0,73,,7049,21,,,0,73,,7059,21,,,0,33,,7041,21,,,0,73,,7055,21,,,0,33,,7034,21,,,0,73,,7048,21,,,0,33,,7052,21,,,0,73,,7038,21,,,0,33,,7037,21,,,0,73,,7035,21,,,0,73,,7047,21,,,0,33,,7053,21,,,0,73,,7044,21,,,0,33,,7051,21,,,0,73,,7045,21,,,0,33,,7056,21,,,0,73,,7061,21,,,0,33,,7054,21,,,0,73,,7060,21,,,0,25,,7058,21,,,0,73,,7043,21,,,0,33,,7039,21,,,0,73,,7050,21,,,0,73,,7040,21,,,0,33,,7057,21,,,0,73,,7036,21,,,0,33,,7042,21,,,0
301,'bf660328-88ad-42b5-9a19-68afdd8f4a47',757,,7062,21,,,0,73,,7069,21,,,0,73,,7082,21,,,0,33,,7066,21,,,0,73,,7067,21,,,0,33,,7068,21,,,0,73,,7078,21,,,0,33,,7080,21,,,0,73,,7079,21,,,0,33,,7073,21,,,0,73,,7076,21,,,0,73,,7071,21,,,0,33,,7063,21,,,0,73,,7074,21,,,0,33,,7064,21,,,0,73,,7070,21,,,0,33,,7075,21,,,0,73,,7077,21,,,0,33,,7072,21,,,0,73,,7081,21,,,0,25,,7065,21,,,0
301,'ed28f9c7-46cd-41bf-a6ca-237f78214646',757,,7098,21,,,0,73,,7092,21,,,0,73,,7093,21,,,0,33,,7087,21,,,0,73,,7102,21,,,0,33,,7101,21,,,0,73,,7085,21,,,0,33,,7100,21,,,0,73,,7086,21,,,0,33,,7094,21,,,0,73,,7083,21,,,0,73,,7103,21,,,0,33,,7099,21,,,0,73,,7090,21,,,0,33,,7095,21,,,0,73,,7089,21,,,0,33,,7097,21,,,0,73,,7088,21,,,0,33,,7096,21,,,0,73,,7091,21,,,0,25,,7084,21,,,0
