200,'1fe0d92c-9044-4814-8d20-55198bafd146',623,,6605,197,4,,0,24,,6577,197,4,,0,75,,6578,197,4,,0,33,,6576,197,4,,0,73,,6593,197,4,,0,73,,6597,197,4,,0,33,,6592,197,4,,0,73,,6580,197,4,,0,33,,6601,197,4,,0,73,,6598,197,4,,0,33,,6589,197,4,,0,73,,6591,197,4,,0,33,,6595,197,4,,0,73,,6583,197,4,,0,78,,6594,197,4,,0,35,,6602,197,4,,0,75,,6599,197,4,,0,35,,6571,197,4,,0,75,,6586,197,4,,0,35,,6582,197,4,,0,75,,6604,197,4,,0,75,,6588,197,4,,0,30,,6579,197,4,,0,73,,6573,197,4,,0,33,,6574,197,4,,0,73,,6587,197,4,,0,33,,6572,197,4,,0,73,,6575,197,4,,0,33,,6590,197,4,,0,73,,6596,197,4,,0,27,,6603,197,4,,0,66,,6585,197,4,,0,30,,6600,197,4,,0
200,'9ecf710c-601d-465c-83ad-25c219925bad',722,,6632,197,4,,0,33,,6610,197,4,,0,73,,6612,197,4,,0,73,,6628,197,4,,0,33,,6625,197,4,,0,73,,6639,197,4,,0,33,,6634,197,4,,0,73,,6627,197,4,,0,33,,6637,197,4,,0,73,,6623,197,4,,0,33,,6633,197,4,,0,73,,6607,197,4,,0,78,,6635,197,4,,0,35,,6624,197,4,,0,75,,6621,197,4,,0,35,,6622,197,4,,0,75,,6617,197,4,,0,35,,6606,197,4,,0,75,,6620,197,4,,0,75,,6611,197,4,,0,30,,6636,197,4,,0,73,,6629,197,4,,0,33,,6638,197,4,,0,73,,6614,197,4,,0,33,,6616,197,4,,0,73,,6619,197,4,,0,33,,6608,197,4,,0,73,,6630,197,4,,0,27,,6609,197,4,,0,66,,6626,197,4,,0,30,,6618,197,4,,0
200,'bcaf19fe-11ef-4115-afbb-ac9c5f562f28',828,,6646,197,4,,0,73,,6656,197,4,,0,33,,6642,197,4,,0,73,,6648,197,4,,0,33,,6649,197,4,,0,73,,6644,197,4,,0,33,,6641,197,4,,0,73,,6651,197,4,,0,33,,6652,197,4,,0,73,,6645,197,4,,0,33,,6657,197,4,,0,73,,6643,197,4,,0,73,,6650,197,4,,0,33,,6647,197,4,,0,73,,6658,197,4,,0,33,,6640,197,4,,0,73,,6655,197,4,,0,33,,6660,197,4,,0,73,,6653,197,4,,0,33,,6661,197,4,,0
200,'bf660328-88ad-42b5-9a19-68afdd8f4a47',828,,6671,197,4,,0,73,,6683,197,4,,0,33,,6681,197,4,,0,73,,6670,197,4,,0,33,,6665,197,4,,0,73,,6675,197,4,,0,33,,6682,197,4,,0,73,,6668,197,4,,0,33,,6679,197,4,,0,73,,6667,197,4,,0,33,,6669,197,4,,0,73,,6662,197,4,,0,73,,6680,197,4,,0,33,,6676,197,4,,0,73,,6677,197,4,,0,33,,6666,197,4,,0,73,,6664,197,4,,0,33,,6678,197,4,,0,73,,6674,197,4,,0,33,,6673,197,4,,0
200,'ed28f9c7-46cd-41bf-a6ca-237f78214646',828,,6687,197,4,,0,73,,6704,197,4,,0,33,,6684,197,4,,0,73,,6696,197,4,,0,33,,6689,197,4,,0,73,,6695,197,4,,0,33,,6685,197,4,,0,73,,6699,197,4,,0,33,,6703,197,4,,0,73,,6694,197,4,,0,33,,6686,197,4,,0,73,,6702,197,4,,0,73,,6698,197,4,,0,33,,6691,197,4,,0,73,,6692,197,4,,0,33,,6693,197,4,,0,73,,6700,197,4,,0,33,,6690,197,4,,0,73,,6688,197,4,,0,33,,6705,197,4,,0
201,'1fe0d92c-9044-4814-8d20-55198bafd146',550,,6714,0,,,0,73,,6727,0,,,0,33,,6711,0,,,0,73,,6737,0,,,0,73,,6710,0,,,0,33,,6708,0,,,0,73,,6706,0,,,0,33,,6736,0,,,0,73,,6732,0,,,0,33,,6720,0,,,0,73,,6715,0,,,0,33,,6718,0,,,0,73,,6712,0,,,0,75,,6719,0,,,0,35,,6728,0,,,0,75,,6739,0,,,0,35,,6740,0,,,0,75,,6707,0,,,0,35,,6723,0,,,0,75,,6716,0,,,0,75,,6729,0,,,0,33,,6721,0,,,0,73,,6725,0,,,0,33,,6738,0,,,0,73,,6722,0,,,0,33,,6709,0,,,0,73,,6724,0,,,0,33,,6735,0,,,0,73,,6733,0,,,0,70,,6726,0,,,0,30,,6713,0,,,0,70,,6734,0,,,0,25,,6731,0,,,0
201,'9ecf710c-601d-465c-83ad-25c219925bad',656,,6755,0,,,0,73,,6758,0,,,0,73,,6766,0,,,0,33,,6770,0,,,0,73,,6771,0,,,0,33,,6764,0,,,0,73,,6772,0,,,0,33,,6763,0,,,0,73,,6753,0,,,0,33,,6757,0,,,0,73,,6748,0,,,0,75,,6746,0,,,0,35,,6754,0,,,0,75,,6768,0,,,0,35,,6761,0,,,0,75,,6750,0,,,0,35,,6743,0,,,0,75,,6759,0,,,0,75,,6752,0,,,0,33,,6762,0,,,0,73,,6744,0,,,0,33,,6760,0,,,0,73,,6747,0,,,0,33,,6749,0,,,0,73,,6767,0,,,0,33,,6745,0,,,0,73,,6769,0,,,0,70,,6751,0,,,0,30,,6741,0,,,0,70,,6756,0,,,0,25,,6765,0,,,0
201,'bcaf19fe-11ef-4115-afbb-ac9c5f562f28',802,,6791,0,,,0,33,,6773,0,,,0,73,,6774,0,,,0,33,,6786,0,,,0,73,,6790,0,,,0,33,,6793,0,,,0,73,,6787,0,,,0,33,,6792,0,,,0,73,,6777,0,,,0,33,,6780,0,,,0,73,,6788,0,,,0,73,,6775,0,,,0,33,,6778,0,,,0,73,,6781,0,,,0,33,,6782,0,,,0,73,,6776,0,,,0,33,,6785,0,,,0,73,,6789,0,,,0,33,,6783,0,,,0,73,,6779,0,,,0
201,'bf660328-88ad-42b5-9a19-68afdd8f4a47',802,,6797,0,,,0,33,,6798,0,,,0,73,,6803,0,,,0,33,,6804,0,,,0,73,,6811,0,,,0,33,,6813,0,,,0,73,,6808,0,,,0,33,,6806,0,,,0,73,,6809,0,,,0,33,,6800,0,,,0,73,,6799,0,,,0,73,,6801,0,,,0,33,,6795,0,,,0,73,,6814,0,,,0,33,,6805,0,,,0,73,,6810,0,,,0,33,,6807,0,,,0,73,,6802,0,,,0,33,,6812,0,,,0,73,,6796,0,,,0
201,'ed28f9c7-46cd-41bf-a6ca-237f78214646',802,,6832,0,,,0,33,,6836,0,,,0,73,,6835,0,,,0,33,,6821,0,,,0,73,,6830,0,,,0,33,,6817,0,,,0,73,,6822,0,,,0,33,,6823,0,,,0,73,,6827,0,,,0,33,,6825,0,,,0,73,,6831,0,,,0,73,,6820,0,,,0,33,,6819,0,,,0,73,,6826,0,,,0,33,,6815,0,,,0,73,,6829,0,,,0,33,,6824,0,,,0,73,,6818,0,,,0,33,,6834,0,,,0,73,,6833,0,,,0
300,'1fe0d92c-9044-4814-8d20-55198bafd146',633,,6857,90,4,,0,74,,6862,90,4,,0,32,,6846,90,4,,0,73,,6855,90,4,,0,33,,6856,90,4,,0,73,,6865,90,4,,0,33,,6853,90,4,,0,73,,6864,90,4,,0,33,,6847,90,4,,0,73,,6837,90,4,,0,73,,6841,90,4,,0,33,,6844,90,4,,0,73,,6860,90,4,,0,38,,6866,90,4,,0,75,,6851,90,4,,0,35,,6850,90,4,,0,75,,6849,90,4,,0,75,,6843,90,4,,0,35,,6863,90,4,,0,75,,6839,90,4,,0,35,,6854,90,4,,0,73,,6838,90,4,,0,32,,6840,90,4,,0,74,,6861,90,4,,0,73,,6848,90,4,,0,33,,6867,90,4,,0,73,,6869,90,4,,0,33,,6868,90,4,,0,73,,6858,90,4,,0,27,,6859,90,4,,0,65,,6852,90,4,,0,20,,6845,90,4,,0,30,,6842,90,4,,0
300,'9ecf710c-601d-465c-83ad-25c219925bad',739,,6890,90,4,,0,73,,6871,90,4,,0,33,,6897,90,4,,0,73,,6888,90,4,,0,33,,6876,90,4,,0,73,,6880,90,4,,0,33,,6900,90,4,,0,73,,6895,90,4,,0,73,,6894,90,4,,0,33,,6896,90,4,,0,73,,6898,90,4,,0,38,,6887,90,4,,0,75,,6877,90,4,,0,35,,6873,90,4,,0,75,,6892,90,4,,0,75,,6878,90,4,,0,35,,6879,90,4,,0,75,,6875,90,4,,0,35,,6881,90,4,,0,73,,6889,90,4,,0,32,,6885,90,4,,0,74,,6884,90,4,,0,73,,6893,90,4,,0,33,,6883,90,4,,0,73,,6872,90,4,,0,33,,6886,90,4,,0,73,,6882,90,4,,0,27,,6870,90,4,,0,65,,6899,90,4,,0,20,,6874,90,4,,0,30,,6891,90,4,,0
300,'bcaf19fe-11ef-4115-afbb-ac9c5f562f28',812,,6902,90,4,,0,33,,6922,90,4,,0,73,,6927,90,4,,0,33,,6904,90,4,,0,73,,6910,90,4,,0,33,,6925,90,4,,0,73,,6914,90,4,,0,73,,6908,90,4,,0,33,,6923,90,4,,0,73,,6919,90,4,,0,33,,6916,90,4,,0,73,,6917,90,4,,0,33,,6909,90,4,,0,73,,6924,90,4,,0,33,,6905,90,4,,0,73,,6926,90,4,,0,73,,6903,90,4,,0,33,,6907,90,4,,0,73,,6906,90,4,,0,33,,6911,90,4,,0,68,,6918,90,4,,0,30,,6901,90,4,,0,73,,6913,90,4,,0,33,,6921,90,4,,0,73,,6920,90,4,,0,33,,6915,90,4,,0,73,,6912,90,4,,0
300,'bf660328-88ad-42b5-9a19-68afdd8f4a47',812,,6942,90,4,,0,33,,6946,90,4,,0,73,,6941,90,4,,0,33,,6928,90,4,,0,73,,6943,90,4,,0,33,,6937,90,4,,0,73,,6935,90,4,,0,73,,6932,90,4,,0,33,,6945,90,4,,0,73,,6934,90,4,,0,33,,6940,90,4,,0,73,,6929,90,4,,0,33,,6939,90,4,,0,73,,6936,90,4,,0,33,,6930,90,4,,0,73,,6947,90,4,,0,73,,6933,90,4,,0,33,,6944,90,4,,0,73,,6948,90,4,,0,33,,6938,90,4,,0,68,,6931,90,4,,0
300,'ed28f9c7-46cd-41bf-a6ca-237f78214646',812,,6966,90,4,,0,33,,6964,90,4,,0,73,,6954,90,4,,0,33,,6960,90,4,,0,73,,6958,90,4,,0,33,,6956,90,4,,0,73,,6952,90,4,,0,73,,6949,90,4,,0,33,,6953,90,4,,0,73,,6951,90,4,,0,33,,6961,90,4,,0,73,,6955,90,4,,0,33,,6965,90,4,,0,73,,6963,90,4,,0,33,,6950,90,4,,0,73,,6962,90,4,,0,73,,6959,90,4,,0,33,,6969,90,4,,0,73,,6967,90,4,,0,33,,6957,90,4,,0,68,,6968,90,4,,0
301,'1fe0d92c-9044-4814-8d20-55198bafd146',610,,6988,0,,,0,32,,6998,0,,,0,73,,6994,0,,,0,33,,6999,0,,,0,73,,6975,0,,,0,33,,6985,0,,,0,73,,6971,0,,,0,73,,6989,0,,,0,33,,6978,0,,,0,73,,6993,0,,,0,33,,6981,0,,,0,73,,6973,0,,,0,34,,6979,0,,,0,75,,6987,0,,,0,35,,6983,0,,,0,75,,6995,0,,,0,75,,6982,0,,,0,35,,6974,0,,,0,75,,6992,0,,,0,35,,6984,0,,,0,75,,6997,0,,,0,74,,7000,0,,,0,34,,6980,0,,,0,73,,7002,0,,,0,33,,6976,0,,,0,73,,6972,0,,,0,33,,6970,0,,,0,73,,6990,0,,,0,33,,6986,0,,,0,73,,6996,0,,,0,20,,6991,0,,,0,70,,6977,0,,,0,25,,7001,0,,,0
301,'9ecf710c-601d-465c-83ad-25c219925bad',715,,7024,0,,,0,33,,7032,0,,,0,73,,7022,0,,,0,33,,7004,0,,,0,73,,7020,0,,,0,73,,7021,0,,,0,33,,7030,0,,,0,73,,7014,0,,,0,33,,7003,0,,,0,73,,7033,0,,,0,34,,7031,0,,,0,75,,7019,0,,,0,35,,7015,0,,,0,75,,7009,0,,,0,75,,7006,0,,,0,35,,7026,0,,,0,75,,7025,0,,,0,35,,7013,0,,,0,75,,7005,0,,,0,74,,7012,0,,,0,34,,7016,0,,,0,73,,7029,0,,,0,33,,7008,0,,,0,73,,7011,0,,,0,33,,7007,0,,,0,73,,7028,0,,,0,33,,7010,0,,,0,73,,7027,0,,,0,20,,7018,0,,,0,70,,7017,0,,,0,25,,7023,0,,,0
301,'bcaf19fe-11ef-4115-afbb-ac9c5f562f28',748,,7046,0,,,0,73,,7049,0,,,0,33,,7059,0,,,0,73,,7041,0,,,0,73,,7055,0,,,0,33,,7034,0,,,0,73,,7048,0,,,0,33,,7052,0,,,0,73,,7038,0,,,0,33,,7037,0,,,0,73,,7035,0,,,0,33,,7047,0,,,0,73,,7053,0,,,0,33,,7044,0,,,0,73,,7051,0,,,0,73,,7045,0,,,0,33,,7056,0,,,0,73,,7061,0,,,0,33,,7054,0,,,0,73,,7060,0,,,0,25,,7058,0,,,0,73,,7043,0,,,0,33,,7039,0,,,0,73,,7050,0,,,0,33,,7040,0,,,0,73,,7057,0,,,0,33,,7036,0,,,0,73,,7042,0,,,0
301,'bf660328-88ad-42b5-9a19-68afdd8f4a47',748,,7062,0,,,0,73,,7069,0,,,0,33,,7082,0,,,0,73,,7066,0,,,0,73,,7067,0,,,0,33,,7068,0,,,0,73,,7078,0,,,0,33,,7080,0,,,0,73,,7079,0,,,0,33,,7073,0,,,0,73,,7076,0,,,0,33,,7071,0,,,0,73,,7063,0,,,0,33,,7074,0,,,0,73,,7064,0,,,0,73,,7070,0,,,0,33,,7075,0,,,0,73,,7077,0,,,0,33,,7072,0,,,0,73,,7081,0,,,0,25,,7065,0,,,0
301,'ed28f9c7-46cd-41bf-a6ca-237f78214646',748,,7098,0,,,0,73,,7092,0,,,0,33,,7093,0,,,0,73,,7087,0,,,0,73,,7102,0,,,0,33,,7101,0,,,0,73,,7085,0,,,0,33,,7100,0,,,0,73,,7086,0,,,0,33,,7094,0,,,0,73,,7083,0,,,0,33,,7103,0,,,0,73,,7099,0,,,0,33,,7090,0,,,0,73,,7095,0,,,0,73,,7089,0,,,0,33,,7097,0,,,0,73,,7088,0,,,0,33,,7096,0,,,0,73,,7091,0,,,0,25,,7084,0,,,0
400,'1fe0d92c-9044-4814-8d20-55198bafd146',642,,7125,154,4,,0,65,,7122,154,4,,0,33,,7115,154,4,,0,72,,7137,154,4,,0,34,,7134,154,4,,0,72,,7117,154,4,,0,33,,7109,154,4,,0,73,,7113,154,4,,0,33,,7129,154,4,,0,73,,7135,154,4,,0,73,,7114,154,4,,0,33,,7121,154,4,,0,73,,7120,154,4,,0,33,,7127,154,4,,0,73,,7116,154,4,,0,37,,7108,154,4,,0,78,,7111,154,4,,0,76,,7119,154,4,,0,36,,7106,154,4,,0,75,,7123,154,4,,0,35,,7136,154,4,,0,71,,7124,154,4,,0,34,,7128,154,4,,0,75,,7138,154,4,,0,72,,7131,154,4,,0,32,,7132,154,4,,0,74,,7112,154,4,,0,33,,7105,154,4,,0,73,,7118,154,4,,0,24,,7107,154,4,,0,70,,7133,154,4,,0,25,,7130,154,4,,0,67,,7104,153,4,,0
400,'9ecf710c-601d-465c-83ad-25c219925bad',740,,7148,154,4,,0,72,,7155,154,4,,0,35,,7159,154,4,,0,71,,7143,154,4,,0,33,,7154,154,4,,0,73,,7144,154,4,,0,33,,7153,154,4,,0,73,,7151,154,4,,0,73,,7168,154,4,,0,33,,7167,154,4,,0,73,,7146,154,4,,0,33,,7139,154,4,,0,73,,7156,154,4,,0,37,,7150,154,4,,0,78,,7162,154,4,,0,76,,7166,154,4,,0,36,,7141,154,4,,0,75,,7160,154,4,,0,35,,7163,154,4,,0,71,,7140,154,4,,0,34,,7157,154,4,,0,75,,7149,154,4,,0,72,,7169,154,4,,0,32,,7145,154,4,,0,74,,7165,154,4,,0,33,,7152,154,4,,0,73,,7142,154,4,,0,24,,7164,154,4,,0,70,,7147,154,4,,0,25,,7158,154,4,,0,67,,7170,153,4,,0
400,'bcaf19fe-11ef-4115-afbb-ac9c5f562f28',847,,7179,154,4,,0,71,,7181,154,4,,0,33,,7185,154,4,,0,73,,7197,154,4,,0,33,,7188,154,4,,0,73,,7173,154,4,,0,73,,7194,154,4,,0,33,,7193,154,4,,0,73,,7186,154,4,,0,33,,7191,154,4,,0,73,,7187,154,4,,0,33,,7195,154,4,,0,73,,7189,154,4,,0,33,,7174,154,4,,0,73,,7171,154,4,,0,73,,7190,154,4,,0,33,,7184,154,4,,0,73,,7177,154,4,,0,33,,7183,154,4,,0,73,,7199,154,4,,0,33,,7192,154,4,,0,73,,7182,154,4,,0,28,,7180,154,4,,0,70,,7176,154,4,,0,33,,7175,154,4,,0,73,,7172,154,4,,0
400,'bf660328-88ad-42b5-9a19-68afdd8f4a47',847,,7216,154,4,,0,71,,7208,154,4,,0,33,,7205,154,4,,0,73,,7206,154,4,,0,33,,7201,154,4,,0,73,,7219,154,4,,0,73,,7202,154,4,,0,33,,7204,154,4,,0,73,,7213,154,4,,0,33,,7212,154,4,,0,73,,7218,154,4,,0,33,,7214,154,4,,0,73,,7200,154,4,,0,33,,7217,154,4,,0,73,,7211,154,4,,0,73,,7203,154,4,,0,33,,7209,154,4,,0,73,,7207,154,4,,0,33,,7215,154,4,,0,73,,7210,153,4,,0
400,'ed28f9c7-46cd-41bf-a6ca-237f78214646',847,,7225,154,4,,0,71,,7227,154,4,,0,33,,7234,154,4,,0,73,,7236,154,4,,0,33,,7222,154,4,,0,73,,7224,154,4,,0,73,,7221,154,4,,0,33,,7233,154,4,,0,73,,7232,154,4,,0,33,,7240,154,4,,0,73,,7229,154,4,,0,33,,7228,154,4,,0,73,,7237,154,4,,0,33,,7235,154,4,,0,73,,7231,154,4,,0,73,,7226,154,4,,0,33,,7239,154,4,,0,73,,7223,154,4,,0,33,,7238,154,4,,0,73,,7230,153,4,,0
401,'1fe0d92c-9044-4814-8d20-55198bafd146',605,,7247,0,,,0,31,,7256,0,,,0,74,,7269,0,,,0,32,,7263,0,,,0,73,,7245,0,,,0,33,,7241,0,,,0,73,,7261,0,,,0,33,,7255,0,,,0,73,,7249,0,,,0,73,,7268,0,,,0,33,,7259,0,,,0,73,,7262,0,,,0,33,,7246,0,,,0,74,,7264,0,,,0,38,,7266,0,,,0,75,,7250,0,,,0,75,,7270,0,,,0,35,,7243,0,,,0,75,,7267,0,,,0,35,,7251,0,,,0,75,,7242,0,,,0,35,,7244,0,,,0,72,,7260,0,,,0,72,,7254,0,,,0,34,,7248,0,,,0,73,,7273,0,,,0,33,,7265,0,,,0,73,,7272,0,,,0,33,,7257,0,,,0,73,,7258,0,,,0,27,,7252,0,,,0,65,,7253,0,,,0,19,,7271,0,,,0
401,'9ecf710c-601d-465c-83ad-25c219925bad',710,,7297,0,,,0,32,,7295,0,,,0,73,,7294,0,,,0,33,,7274,0,,,0,73,,7287,0,,,0,33,,7275,0,,,0,73,,7293,0,,,0,73,,7292,0,,,0,33,,7305,0,,,0,73,,7278,0,,,0,33,,7296,0,,,0,74,,7280,0,,,0,38,,7285,0,,,0,75,,7284,0,,,0,75,,7302,0,,,0,35,,7288,0,,,0,75,,7277,0,,,0,35,,7303,0,,,0,75,,7291,0,,,0,35,,7299,0,,,0,72,,7276,0,,,0,72,,7289,0,,,0,34,,7306,0,,,0,73,,7298,0,,,0,33,,7301,0,,,0,73,,7304,0,,,0,33,,7300,0,,,0,73,,7286,0,,,0,27,,7283,0,,,0,65,,7281,0,,,0,19,,7279,0,,,0
401,'bcaf19fe-11ef-4115-afbb-ac9c5f562f28',815,,7323,0,,,0,33,,7329,0,,,0,73,,7308,0,,,0,33,,7330,0,,,0,73,,7313,0,,,0,73,,7325,0,,,0,33,,7328,0,,,0,73,,7311,0,,,0,33,,7315,0,,,0,73,,7333,0,,,0,33,,7335,0,,,0,73,,7331,0,,,0,33,,7319,0,,,0,73,,7318,0,,,0,33,,7309,0,,,0,73,,7321,0,,,0,73,,7317,0,,,0,33,,7334,0,,,0,73,,7307,0,,,0,33,,7324,0,,,0,68,,7332,0,,,0,30,,7320,0,,,0,73,,7322,0,,,0,33,,7314,0,,,0,73,,7310,0,,,0,33,,7312,0,,,0,73,,7316,0,,,0
401,'bf660328-88ad-42b5-9a19-68afdd8f4a47',815,,7357,0,,,0,33,,7336,0,,,0,73,,7338,0,,,0,33,,7352,0,,,0,73,,7346,0,,,0,73,,7344,0,,,0,33,,7339,0,,,0,73,,7341,0,,,0,33,,7350,0,,,0,73,,7353,0,,,0,33,,7356,0,,,0,73,,7342,0,,,0,33,,7351,0,,,0,73,,7347,0,,,0,33,,7340,0,,,0,73,,7349,0,,,0,73,,7343,0,,,0,33,,7354,0,,,0,73,,7355,0,,,0,33,,7348,0,,,0
401,'ed28f9c7-46cd-41bf-a6ca-237f78214646',815,,7370,0,,,0,33,,7369,0,,,0,73,,7360,0,,,0,33,,7377,0,,,0,73,,7373,0,,,0,73,,7367,0,,,0,33,,7362,0,,,0,73,,7375,0,,,0,33,,7368,0,,,0,73,,7376,0,,,0,33,,7379,0,,,0,73,,7361,0,,,0,33,,7366,0,,,0,73,,7371,0,,,0,33,,7372,0,,,0,73,,7365,0,,,0,73,,7358,0,,,0,33,,7374,0,,,0,73,,7364,0,,,0,33,,7378,0,,,0
