201,'1fe0d92c-9044-4814-8d20-55198bafd146',550,,6714,2,,,0,73,,6727,2,,,0,33,,6711,2,,,0,73,,6737,2,,,0,73,,6710,2,,,0,33,,6708,2,,,0,73,,6706,2,,,0,33,,6736,2,,,0,73,,6732,2,,,0,33,,6720,2,,,0,73,,6715,2,,,0,33,,6718,2,,,0,73,,6712,2,,,0,75,,6719,2,,,0,35,,6728,2,,,0,75,,6739,2,,,0,35,,6740,2,,,0,75,,6707,2,,,0,35,,6723,2,,,0,75,,6716,2,,,0,75,,6729,2,,,0,33,,6721,2,,,0,73,,6725,2,,,0,33,,6738,2,,,0,73,,6722,2,,,0,33,,6709,2,,,0,73,,6724,2,,,0,33,,6735,2,,,0,73,,6733,2,,,0,70,,6726,2,,,0,30,,6713,2,,,0,70,,6734,2,,,0,25,,6731,2,,,0
201,'9ecf710c-601d-465c-83ad-25c219925bad',656,,6755,2,,,0,73,,6758,2,,,0,73,,6766,2,,,0,33,,6770,2,,,0,73,,6771,2,,,0,33,,6764,2,,,0,73,,6772,2,,,0,33,,6763,2,,,0,73,,6753,2,,,0,33,,6757,2,,,0,73,,6748,2,,,0,75,,6746,2,,,0,35,,6754,2,,,0,75,,6768,2,,,0,35,,6761,2,,,0,75,,6750,2,,,0,35,,6743,2,,,0,75,,6759,2,,,0,75,,6752,2,,,0,33,,6762,2,,,0,73,,6744,2,,,0,33,,6760,2,,,0,73,,6747,2,,,0,33,,6749,2,,,0,73,,6767,2,,,0,33,,6745,2,,,0,73,,6769,2,,,0,70,,6751,2,,,0,30,,6741,2,,,0,70,,6756,2,,,0,25,,6765,2,,,0
201,'bcaf19fe-11ef-4115-afbb-ac9c5f562f28',802,,6791,2,,,0,33,,6773,2,,,0,73,,6774,2,,,0,33,,6786,2,,,0,73,,6790,2,,,0,33,,6793,2,,,0,73,,6787,2,,,0,33,,6792,2,,,0,73,,6777,2,,,0,33,,6780,2,,,0,73,,6788,2,,,0,73,,6775,2,,,0,33,,6778,2,,,0,73,,6781,2,,,0,33,,6782,2,,,0,73,,6776,2,,,0,33,,6785,2,,,0,73,,6789,2,,,0,33,,6783,2,,,0,73,,6779,2,,,0
201,'bf660328-88ad-42b5-9a19-68afdd8f4a47',802,,6797,2,,,0,33,,6798,2,,,0,73,,6803,2,,,0,33,,6804,2,,,0,73,,6811,2,,,0,33,,6813,2,,,0,73,,6808,2,,,0,33,,6806,2,,,0,73,,6809,2,,,0,33,,6800,2,,,0,73,,6799,2,,,0,73,,6801,2,,,0,33,,6795,2,,,0,73,,6814,2,,,0,33,,6805,2,,,0,73,,6810,2,,,0,33,,6807,2,,,0,73,,6802,2,,,0,33,,6812,2,,,0,73,,6796,2,,,0
201,'ed28f9c7-46cd-41bf-a6ca-237f78214646',802,,6832,2,,,0,33,,6836,2,,,0,73,,6835,2,,,0,33,,6821,2,,,0,73,,6830,2,,,0,33,,6817,2,,,0,73,,6822,2,,,0,33,,6823,2,,,0,73,,6827,2,,,0,33,,6825,2,,,0,73,,6831,2,,,0,73,,6820,2,,,0,33,,6819,2,,,0,73,,6826,2,,,0,33,,6815,2,,,0,73,,6829,2,,,0,33,,6824,2,,,0,73,,6818,2,,,0,33,,6834,2,,,0,73,,6833,2,,,0
301,'1fe0d92c-9044-4814-8d20-55198bafd146',610,,6988,3,,,0,32,,6998,3,,,0,73,,6994,3,,,0,33,,6999,3,,,0,73,,6975,3,,,0,33,,6985,3,,,0,73,,6971,3,,,0,73,,6989,3,,,0,33,,6978,3,,,0,73,,6993,3,,,0,33,,6981,3,,,0,73,,6973,3,,,0,34,,6979,3,,,0,75,,6987,3,,,0,35,,6983,3,,,0,75,,6995,3,,,0,75,,6982,3,,,0,35,,6974,3,,,0,75,,6992,3,,,0,35,,6984,3,,,0,75,,6997,3,,,0,74,,7000,3,,,0,34,,6980,3,,,0,73,,7002,3,,,0,33,,6976,3,,,0,73,,6972,3,,,0,33,,6970,3,,,0,73,,6990,3,,,0,33,,6986,3,,,0,73,,6996,3,,,0,20,,6991,3,,,0,70,,6977,3,,,0,25,,7001,3,,,0
301,'9ecf710c-601d-465c-83ad-25c219925bad',715,,7024,3,,,0,33,,7032,3,,,0,73,,7022,3,,,0,33,,7004,3,,,0,73,,7020,3,,,0,73,,7021,3,,,0,33,,7030,3,,,0,73,,7014,3,,,0,33,,7003,3,,,0,73,,7033,3,,,0,34,,7031,3,,,0,75,,7019,3,,,0,35,,7015,3,,,0,75,,7009,3,,,0,75,,7006,3,,,0,35,,7026,3,,,0,75,,7025,3,,,0,35,,7013,3,,,0,75,,7005,3,,,0,74,,7012,3,,,0,34,,7016,3,,,0,73,,7029,3,,,0,33,,7008,3,,,0,73,,7011,3,,,0,33,,7007,3,,,0,73,,7028,3,,,0,33,,7010,3,,,0,73,,7027,3,,,0,20,,7018,3,,,0,70,,7017,3,,,0,25,,7023,3,,,0
301,'bcaf19fe-11ef-4115-afbb-ac9c5f562f28',748,,7046,3,,,0,73,,7049,3,,,0,33,,7059,3,,,0,73,,7041,3,,,0,73,,7055,3,,,0,33,,7034,3,,,0,73,,7048,3,,,0,33,,7052,3,,,0,73,,7038,3,,,0,33,,7037,3,,,0,73,,7035,3,,,0,33,,7047,3,,,0,73,,7053,3,,,0,33,,7044,3,,,0,73,,7051,3,,,0,73,,7045,3,,,0,33,,7056,3,,,0,73,,7061,3,,,0,33,,7054,3,,,0,73,,7060,3,,,0,25,,7058,3,,,0,73,,7043,3,,,0,33,,7039,3,,,0,73,,7050,3,,,0,33,,7040,3,,,0,73,,7057,3,,,0,33,,7036,3,,,0,73,,7042,3,,,0
301,'bf660328-88ad-42b5-9a19-68afdd8f4a47',748,,7062,3,,,0,73,,7069,3,,,0,33,,7082,3,,,0,73,,7066,3,,,0,73,,7067,3,,,0,33,,7068,3,,,0,73,,7078,3,,,0,33,,7080,3,,,0,73,,7079,3,,,0,33,,7073,3,,,0,73,,7076,3,,,0,33,,7071,3,,,0,73,,7063,3,,,0,33,,7074,3,,,0,73,,7064,3,,,0,73,,7070,3,,,0,33,,7075,3,,,0,73,,7077,3,,,0,33,,7072,3,,,0,73,,7081,3,,,0,25,,7065,3,,,0
301,'ed28f9c7-46cd-41bf-a6ca-237f78214646',748,,7098,3,,,0,73,,7092,3,,,0,33,,7093,3,,,0,73,,7087,3,,,0,73,,7102,3,,,0,33,,7101,3,,,0,73,,7085,3,,,0,33,,7100,3,,,0,73,,7086,3,,,0,33,,7094,3,,,0,73,,7083,3,,,0,33,,7103,3,,,0,73,,7099,3,,,0,33,,7090,3,,,0,73,,7095,3,,,0,73,,7089,3,,,0,33,,7097,3,,,0,73,,7088,3,,,0,33,,7096,3,,,0,73,,7091,3,,,0,25,,7084,3,,,0
401,'1fe0d92c-9044-4814-8d20-55198bafd146',605,,7247,2,,,0,31,,7256,2,,,0,74,,7269,2,,,0,32,,7263,2,,,0,73,,7245,2,,,0,33,,7241,2,,,0,73,,7261,2,,,0,33,,7255,2,,,0,73,,7249,2,,,0,73,,7268,2,,,0,33,,7259,2,,,0,73,,7262,2,,,0,33,,7246,2,,,0,74,,7264,2,,,0,38,,7266,2,,,0,75,,7250,2,,,0,75,,7270,2,,,0,35,,7243,2,,,0,75,,7267,2,,,0,35,,7251,2,,,0,75,,7242,2,,,0,35,,7244,2,,,0,72,,7260,2,,,0,72,,7254,2,,,0,34,,7248,2,,,0,73,,7273,2,,,0,33,,7265,2,,,0,73,,7272,2,,,0,33,,7257,2,,,0,73,,7258,2,,,0,27,,7252,2,,,0,65,,7253,2,,,0,19,,7271,2,,,0
401,'9ecf710c-601d-465c-83ad-25c219925bad',710,,7297,2,,,0,32,,7295,2,,,0,73,,7294,2,,,0,33,,7274,2,,,0,73,,7287,2,,,0,33,,7275,2,,,0,73,,7293,2,,,0,73,,7292,2,,,0,33,,7305,2,,,0,73,,7278,2,,,0,33,,7296,2,,,0,74,,7280,2,,,0,38,,7285,2,,,0,75,,7284,2,,,0,75,,7302,2,,,0,35,,7288,2,,,0,75,,7277,2,,,0,35,,7303,2,,,0,75,,7291,2,,,0,35,,7299,2,,,0,72,,7276,2,,,0,72,,7289,2,,,0,34,,7306,2,,,0,73,,7298,2,,,0,33,,7301,2,,,0,73,,7304,2,,,0,33,,7300,2,,,0,73,,7286,2,,,0,27,,7283,2,,,0,65,,7281,2,,,0,19,,7279,2,,,0
401,'bcaf19fe-11ef-4115-afbb-ac9c5f562f28',815,,7323,2,,,0,33,,7329,2,,,0,73,,7308,2,,,0,33,,7330,2,,,0,73,,7313,2,,,0,73,,7325,2,,,0,33,,7328,2,,,0,73,,7311,2,,,0,33,,7315,2,,,0,73,,7333,2,,,0,33,,7335,2,,,0,73,,7331,2,,,0,33,,7319,2,,,0,73,,7318,2,,,0,33,,7309,2,,,0,73,,7321,2,,,0,73,,7317,2,,,0,33,,7334,2,,,0,73,,7307,2,,,0,33,,7324,2,,,0,68,,7332,2,,,0,30,,7320,2,,,0,73,,7322,2,,,0,33,,7314,2,,,0,73,,7310,2,,,0,33,,7312,2,,,0,73,,7316,2,,,0
401,'bf660328-88ad-42b5-9a19-68afdd8f4a47',815,,7357,2,,,0,33,,7336,2,,,0,73,,7338,2,,,0,33,,7352,2,,,0,73,,7346,2,,,0,73,,7344,2,,,0,33,,7339,2,,,0,73,,7341,2,,,0,33,,7350,2,,,0,73,,7353,2,,,0,33,,7356,2,,,0,73,,7342,2,,,0,33,,7351,2,,,0,73,,7347,2,,,0,33,,7340,2,,,0,73,,7349,2,,,0,73,,7343,2,,,0,33,,7354,2,,,0,73,,7355,2,,,0,33,,7348,2,,,0
401,'ed28f9c7-46cd-41bf-a6ca-237f78214646',815,,7370,2,,,0,33,,7369,2,,,0,73,,7360,2,,,0,33,,7377,2,,,0,73,,7373,2,,,0,73,,7367,2,,,0,33,,7362,2,,,0,73,,7375,2,,,0,33,,7368,2,,,0,73,,7376,2,,,0,33,,7379,2,,,0,73,,7361,2,,,0,33,,7366,2,,,0,73,,7371,2,,,0,33,,7372,2,,,0,73,,7365,2,,,0,73,,7358,2,,,0,33,,7374,2,,,0,73,,7364,2,,,0,33,,7378,2,,,0
