300,'1fe0d92c-9044-4814-8d20-55198bafd146',625,,6857,63,,,0,34,,6862,63,,,0,72,,6846,63,,,0,73,,6855,63,,,0,33,,6856,63,,,0,73,,6865,63,,,0,33,,6853,63,,,0,73,,6864,63,,,0,33,,6847,63,,,0,73,,6837,63,,,0,33,,6841,63,,,0,73,,6844,63,,,0,73,,6860,63,,,0,37,,6866,63,,,0,75,,6851,63,,,0,35,,6850,63,,,0,75,,6849,63,,,0,35,,6843,63,,,0,75,,6863,63,,,0,75,,6839,63,,,0,35,,6854,63,,,0,74,,6838,63,,,0,32,,6840,63,,,0,74,,6861,63,,,0,33,,6848,63,,,0,73,,6867,63,,,0,73,,6869,63,,,0,33,,6868,63,,,0,73,,6858,63,,,0,29,,6859,63,,,0,65,,6852,63,,,0,20,,6845,63,,,0,30,,6842,63,,,0
300,'9ecf710c-601d-465c-83ad-25c219925bad',731,,6890,63,,,0,73,,6871,63,,,0,33,,6897,63,,,0,73,,6888,63,,,0,33,,6876,63,,,0,73,,6880,63,,,0,33,,6900,63,,,0,73,,6895,63,,,0,33,,6894,63,,,0,73,,6896,63,,,0,73,,6898,63,,,0,37,,6887,63,,,0,75,,6877,63,,,0,35,,6873,63,,,0,75,,6892,63,,,0,35,,6878,63,,,0,75,,6879,63,,,0,75,,6875,63,,,0,35,,6881,63,,,0,74,,6889,63,,,0,32,,6885,63,,,0,74,,6884,63,,,0,33,,6893,63,,,0,73,,6883,63,,,0,73,,6872,63,,,0,33,,6886,63,,,0,73,,6882,63,,,0,29,,6870,63,,,0,65,,6899,63,,,0,20,,6874,63,,,0,30,,6891,63,,,0
300,'bcaf19fe-11ef-4115-afbb-ac9c5f562f28',804,,6902,63,,,0,33,,6922,63,,,0,73,,6927,63,,,0,33,,6904,63,,,0,73,,6910,63,,,0,33,,6925,63,,,0,73,,6914,63,,,0,33,,6908,63,,,0,73,,6923,63,,,0,73,,6919,63,,,0,33,,6916,63,,,0,73,,6917,63,,,0,33,,6909,63,,,0,73,,6924,63,,,0,33,,6905,63,,,0,73,,6926,63,,,0,33,,6903,63,,,0,73,,6907,63,,,0,33,,6906,63,,,0,73,,6911,63,,,0,28,,6918,63,,,0,70,,6901,63,,,0,73,,6913,63,,,0,33,,6921,63,,,0,73,,6920,63,,,0,33,,6915,63,,,0,73,,6912,63,,,0
300,'bf660328-88ad-42b5-9a19-68afdd8f4a47',804,,6942,63,,,0,33,,6946,63,,,0,73,,6941,63,,,0,33,,6928,63,,,0,73,,6943,63,,,0,33,,6937,63,,,0,73,,6935,63,,,0,33,,6932,63,,,0,73,,6945,63,,,0,73,,6934,63,,,0,33,,6940,63,,,0,73,,6929,63,,,0,33,,6939,63,,,0,73,,6936,63,,,0,33,,6930,63,,,0,73,,6947,63,,,0,33,,6933,63,,,0,73,,6944,63,,,0,33,,6948,63,,,0,73,,6938,63,,,0,28,,6931,63,,,0
300,'ed28f9c7-46cd-41bf-a6ca-237f78214646',804,,6966,63,,,0,33,,6964,63,,,0,73,,6954,63,,,0,33,,6960,63,,,0,73,,6958,63,,,0,33,,6956,63,,,0,73,,6952,63,,,0,33,,6949,63,,,0,73,,6953,63,,,0,73,,6951,63,,,0,33,,6961,63,,,0,73,,6955,63,,,0,33,,6965,63,,,0,73,,6963,63,,,0,33,,6950,63,,,0,73,,6962,63,,,0,33,,6959,63,,,0,73,,6969,63,,,0,33,,6967,63,,,0,73,,6957,63,,,0,28,,6968,63,,,0
400,'1fe0d92c-9044-4814-8d20-55198bafd146',633,,7125,142,,,0,25,,7122,142,,,0,73,,7115,142,,,0,72,,7137,142,,,0,34,,7134,142,,,0,72,,7117,142,,,0,33,,7109,142,,,0,73,,7113,142,,,0,33,,7129,142,,,0,73,,7135,142,,,0,33,,7114,142,,,0,73,,7121,142,,,0,73,,7120,142,,,0,33,,7127,142,,,0,73,,7116,142,,,0,37,,7108,142,,,0,78,,7111,142,,,0,36,,7119,142,,,0,76,,7106,142,,,0,75,,7123,142,,,0,35,,7136,142,,,0,71,,7124,142,,,0,34,,7128,142,,,0,75,,7138,142,,,0,32,,7131,142,,,0,72,,7132,142,,,0,74,,7112,142,,,0,33,,7105,142,,,0,73,,7118,142,,,0,26,,7107,142,,,0,70,,7133,142,,,0,25,,7130,142,,,0,27,,7104,141,,,0
400,'9ecf710c-601d-465c-83ad-25c219925bad',731,,7148,142,,,0,72,,7155,142,,,0,35,,7159,142,,,0,71,,7143,142,,,0,33,,7154,142,,,0,73,,7144,142,,,0,33,,7153,142,,,0,73,,7151,142,,,0,33,,7168,142,,,0,73,,7167,142,,,0,73,,7146,142,,,0,33,,7139,142,,,0,73,,7156,142,,,0,37,,7150,142,,,0,78,,7162,142,,,0,36,,7166,142,,,0,76,,7141,142,,,0,75,,7160,142,,,0,35,,7163,142,,,0,71,,7140,142,,,0,34,,7157,142,,,0,75,,7149,142,,,0,32,,7169,142,,,0,72,,7145,142,,,0,74,,7165,142,,,0,33,,7152,142,,,0,73,,7142,142,,,0,26,,7164,142,,,0,70,,7147,142,,,0,25,,7158,142,,,0,27,,7170,141,,,0
400,'bcaf19fe-11ef-4115-afbb-ac9c5f562f28',838,,7179,142,,,0,71,,7181,142,,,0,33,,7185,142,,,0,73,,7197,142,,,0,33,,7188,142,,,0,73,,7173,142,,,0,33,,7194,142,,,0,73,,7193,142,,,0,73,,7186,142,,,0,33,,7191,142,,,0,73,,7187,142,,,0,33,,7195,142,,,0,73,,7189,142,,,0,33,,7174,142,,,0,73,,7171,142,,,0,33,,7190,142,,,0,73,,7184,142,,,0,33,,7177,142,,,0,73,,7183,142,,,0,73,,7199,142,,,0,33,,7192,142,,,0,73,,7182,142,,,0,28,,7180,142,,,0,70,,7176,142,,,0,33,,7175,142,,,0,73,,7172,142,,,0
400,'bf660328-88ad-42b5-9a19-68afdd8f4a47',838,,7216,142,,,0,71,,7208,142,,,0,33,,7205,142,,,0,73,,7206,142,,,0,33,,7201,142,,,0,73,,7219,142,,,0,33,,7202,142,,,0,73,,7204,142,,,0,73,,7213,142,,,0,33,,7212,142,,,0,73,,7218,142,,,0,33,,7214,142,,,0,73,,7200,142,,,0,33,,7217,142,,,0,73,,7211,142,,,0,33,,7203,142,,,0,73,,7209,142,,,0,33,,7207,142,,,0,73,,7215,142,,,0,73,,7210,141,,,0
400,'ed28f9c7-46cd-41bf-a6ca-237f78214646',838,,7225,142,,,0,71,,7227,142,,,0,33,,7234,142,,,0,73,,7236,142,,,0,33,,7222,142,,,0,73,,7224,142,,,0,33,,7221,142,,,0,73,,7233,142,,,0,73,,7232,142,,,0,33,,7240,142,,,0,73,,7229,142,,,0,33,,7228,142,,,0,73,,7237,142,,,0,33,,7235,142,,,0,73,,7231,142,,,0,33,,7226,142,,,0,73,,7239,142,,,0,33,,7223,142,,,0,73,,7238,142,,,0,73,,7230,141,,,0
