200,'312abbf0-fdea-4eb9-96c5-7a94145aceb2',720,,4967,192,,,0,33,,4945,192,,,0,73,,4943,192,,,0,33,,4950,192,,,0,73,,4953,192,,,0,73,,4939,192,,,0,33,,4963,192,,,0,73,,4966,192,,,0,33,,4956,192,,,0,73,,4949,192,,,0,33,,4969,192,,,0,73,,4940,192,,,0,78,,4959,192,,,0,35,,4955,192,,,0,75,,4942,192,,,0,35,,4941,192,,,0,75,,4951,192,,,0,35,,4965,192,,,0,75,,4968,192,,,0,75,,4957,192,,,0,30,,4961,192,,,0,73,,4971,192,,,0,33,,4958,192,,,0,73,,4948,192,,,0,33,,4946,192,,,0,73,,4962,192,,,0,33,,4954,192,,,0,73,,4970,192,,,0,27,,4947,192,,,0,66,,4944,192,,,0,30,,4960,192,,,0
200,'66e3ca25-c949-45bf-aa5b-2bde8ae66f69',826,,4981,192,,,0,33,,4988,192,,,0,73,,4976,192,,,0,73,,4980,192,,,0,33,,4985,192,,,0,73,,4974,192,,,0,33,,4972,192,,,0,73,,4989,192,,,0,33,,4991,192,,,0,73,,4984,192,,,0,33,,4987,192,,,0,73,,4990,192,,,0,73,,4977,192,,,0,33,,4975,192,,,0,73,,4978,192,,,0,33,,4993,192,,,0,73,,4983,192,,,0,33,,4982,192,,,0,73,,4986,192,,,0,33,,4992,192,,,0
200,'9ba31bfb-7050-4158-afae-0ffd0d63aa0c',826,,4996,192,,,0,33,,5012,192,,,0,73,,4997,192,,,0,73,,5000,192,,,0,33,,5009,192,,,0,73,,4998,192,,,0,33,,5008,192,,,0,73,,5011,192,,,0,33,,5010,192,,,0,73,,5015,192,,,0,33,,5013,192,,,0,73,,5001,192,,,0,73,,5004,192,,,0,33,,5014,192,,,0,73,,5007,192,,,0,33,,4995,192,,,0,73,,5006,192,,,0,33,,5002,192,,,0,73,,4999,192,,,0,33,,5005,192,,,0
200,'a6a1e58d-53c4-44f8-9966-8649a3a2e257',621,,5032,192,,,0,24,,5028,192,,,0,75,,5048,192,,,0,33,,5035,192,,,0,73,,5027,192,,,0,33,,5025,192,,,0,73,,5033,192,,,0,73,,5034,192,,,0,33,,5040,192,,,0,73,,5041,192,,,0,33,,5037,192,,,0,73,,5020,192,,,0,33,,5044,192,,,0,73,,5042,192,,,0,78,,5026,192,,,0,35,,5038,192,,,0,75,,5024,192,,,0,35,,5050,192,,,0,75,,5017,192,,,0,35,,5043,192,,,0,75,,5031,192,,,0,75,,5036,192,,,0,30,,5045,192,,,0,73,,5016,192,,,0,33,,5018,192,,,0,73,,5023,192,,,0,33,,5021,192,,,0,73,,5029,192,,,0,33,,5030,192,,,0,73,,5049,192,,,0,27,,5022,192,,,0,66,,5046,192,,,0,30,,5019,192,,,0
200,'cdcafeae-7da3-4ec3-beeb-64e1ab4dbc4b',826,,5052,192,,,0,33,,5061,192,,,0,73,,5070,192,,,0,73,,5054,192,,,0,33,,5058,192,,,0,73,,5069,192,,,0,33,,5051,192,,,0,73,,5060,192,,,0,33,,5071,192,,,0,73,,5056,192,,,0,33,,5072,192,,,0,73,,5057,192,,,0,73,,5064,192,,,0,33,,5066,192,,,0,73,,5059,192,,,0,33,,5063,192,,,0,73,,5067,192,,,0,33,,5055,192,,,0,73,,5062,192,,,0,33,,5068,192,,,0
300,'312abbf0-fdea-4eb9-96c5-7a94145aceb2',737,,5217,85,,,0,73,,5229,85,,,0,33,,5227,85,,,0,73,,5215,85,,,0,33,,5209,85,,,0,73,,5216,85,,,0,33,,5222,85,,,0,73,,5230,85,,,0,73,,5220,85,,,0,33,,5212,85,,,0,73,,5208,85,,,0,38,,5226,85,,,0,75,,5204,85,,,0,35,,5223,85,,,0,75,,5224,85,,,0,75,,5231,85,,,0,35,,5210,85,,,0,75,,5232,85,,,0,35,,5211,85,,,0,73,,5205,85,,,0,32,,5207,85,,,0,74,,5219,85,,,0,73,,5233,85,,,0,33,,5221,85,,,0,73,,5234,85,,,0,33,,5206,85,,,0,73,,5213,85,,,0,27,,5218,85,,,0,65,,5214,85,,,0,20,,5225,85,,,0,30,,5228,85,,,0
300,'66e3ca25-c949-45bf-aa5b-2bde8ae66f69',810,,5238,85,,,0,33,,5254,85,,,0,73,,5240,85,,,0,33,,5239,85,,,0,73,,5245,85,,,0,33,,5253,85,,,0,73,,5248,85,,,0,73,,5246,85,,,0,33,,5236,85,,,0,73,,5243,85,,,0,33,,5249,85,,,0,73,,5247,85,,,0,33,,5242,85,,,0,73,,5237,85,,,0,33,,5241,85,,,0,73,,5250,85,,,0,33,,5244,85,,,0,73,,5252,85,,,0,73,,5255,85,,,0,33,,5251,85,,,0,68,,5235,85,,,0
300,'9ba31bfb-7050-4158-afae-0ffd0d63aa0c',810,,5264,85,,,0,33,,5268,85,,,0,73,,5270,85,,,0,33,,5256,85,,,0,73,,5263,85,,,0,33,,5275,85,,,0,73,,5260,85,,,0,73,,5276,85,,,0,33,,5261,85,,,0,73,,5259,85,,,0,33,,5258,85,,,0,73,,5269,85,,,0,33,,5265,85,,,0,73,,5267,85,,,0,33,,5262,85,,,0,73,,5266,85,,,0,33,,5274,85,,,0,73,,5273,85,,,0,73,,5271,85,,,0,33,,5257,85,,,0,68,,5272,85,,,0
300,'a6a1e58d-53c4-44f8-9966-8649a3a2e257',631,,5284,85,,,0,74,,5299,85,,,0,32,,5305,85,,,0,73,,5293,85,,,0,33,,5295,85,,,0,73,,5298,85,,,0,33,,5290,85,,,0,73,,5286,85,,,0,33,,5300,85,,,0,73,,5303,85,,,0,73,,5288,85,,,0,33,,5283,85,,,0,73,,5307,85,,,0,38,,5304,85,,,0,75,,5294,85,,,0,35,,5296,85,,,0,75,,5291,85,,,0,75,,5301,85,,,0,35,,5287,85,,,0,75,,5285,85,,,0,35,,5277,85,,,0,73,,5308,85,,,0,32,,5302,85,,,0,74,,5297,85,,,0,73,,5279,85,,,0,33,,5282,85,,,0,73,,5292,85,,,0,33,,5278,85,,,0,73,,5306,85,,,0,27,,5280,85,,,0,65,,5289,85,,,0,20,,5281,85,,,0,30,,5309,85,,,0
300,'cdcafeae-7da3-4ec3-beeb-64e1ab4dbc4b',810,,5310,85,,,0,33,,5330,85,,,0,73,,5323,85,,,0,33,,5320,85,,,0,73,,5314,85,,,0,33,,5317,85,,,0,73,,5325,85,,,0,73,,5326,85,,,0,33,,5332,85,,,0,73,,5316,85,,,0,33,,5335,85,,,0,73,,5331,85,,,0,33,,5336,85,,,0,73,,5327,85,,,0,33,,5324,85,,,0,73,,5321,85,,,0,33,,5329,85,,,0,73,,5312,85,,,0,73,,5311,85,,,0,33,,5315,85,,,0,68,,5322,85,,,0,30,,5313,85,,,0,73,,5319,85,,,0,33,,5328,85,,,0,73,,5318,85,,,0,33,,5334,85,,,0,73,,5333,85,,,0
400,'312abbf0-fdea-4eb9-96c5-7a94145aceb2',738,,5486,151,,,0,72,,5496,151,,,0,35,,5495,151,,,0,71,,5492,151,,,0,33,,5478,151,,,0,73,,5479,151,,,0,33,,5500,151,,,0,73,,5475,151,,,0,73,,5474,151,,,0,33,,5471,151,,,0,73,,5493,151,,,0,33,,5481,151,,,0,73,,5485,151,,,0,37,,5488,151,,,0,78,,5476,151,,,0,76,,5487,151,,,0,36,,5498,151,,,0,75,,5484,151,,,0,35,,5490,151,,,0,71,,5501,151,,,0,34,,5497,151,,,0,75,,5499,151,,,0,72,,5472,151,,,0,32,,5483,151,,,0,74,,5491,151,,,0,33,,5489,151,,,0,73,,5494,151,,,0,24,,5473,151,,,0,70,,5477,151,,,0,25,,5502,151,,,0,67,,5480,150,,,0
400,'66e3ca25-c949-45bf-aa5b-2bde8ae66f69',845,,5520,151,,,0,71,,5504,151,,,0,33,,5514,151,,,0,73,,5507,151,,,0,33,,5511,151,,,0,73,,5513,151,,,0,73,,5522,151,,,0,33,,5518,151,,,0,73,,5506,151,,,0,33,,5503,151,,,0,73,,5519,151,,,0,33,,5516,151,,,0,73,,5508,151,,,0,33,,5515,151,,,0,73,,5505,151,,,0,33,,5521,151,,,0,73,,5517,151,,,0,73,,5510,151,,,0,33,,5509,151,,,0,73,,5512,150,,,0
400,'9ba31bfb-7050-4158-afae-0ffd0d63aa0c',845,,5536,151,,,0,71,,5527,151,,,0,33,,5531,151,,,0,73,,5535,151,,,0,33,,5529,151,,,0,73,,5539,151,,,0,73,,5541,151,,,0,33,,5537,151,,,0,73,,5543,151,,,0,33,,5533,151,,,0,73,,5538,151,,,0,33,,5526,151,,,0,73,,5534,151,,,0,33,,5524,151,,,0,73,,5528,151,,,0,33,,5542,151,,,0,73,,5540,151,,,0,73,,5523,151,,,0,33,,5532,151,,,0,73,,5530,150,,,0
400,'a6a1e58d-53c4-44f8-9966-8649a3a2e257',640,,5572,151,,,0,65,,5561,151,,,0,33,,5566,151,,,0,72,,5553,151,,,0,34,,5573,151,,,0,72,,5578,151,,,0,33,,5570,151,,,0,73,,5544,151,,,0,33,,5554,151,,,0,73,,5571,151,,,0,73,,5547,151,,,0,33,,5558,151,,,0,73,,5560,151,,,0,33,,5559,151,,,0,73,,5550,151,,,0,37,,5562,151,,,0,78,,5556,151,,,0,76,,5557,151,,,0,36,,5549,151,,,0,75,,5567,151,,,0,35,,5564,151,,,0,71,,5569,151,,,0,34,,5552,151,,,0,75,,5555,151,,,0,72,,5574,151,,,0,32,,5565,151,,,0,74,,5563,151,,,0,33,,5577,151,,,0,73,,5548,151,,,0,24,,5576,151,,,0,70,,5568,151,,,0,25,,5546,151,,,0,67,,5551,150,,,0
400,'cdcafeae-7da3-4ec3-beeb-64e1ab4dbc4b',845,,5579,151,,,0,71,,5602,151,,,0,33,,5601,151,,,0,73,,5585,151,,,0,33,,5589,151,,,0,73,,5605,151,,,0,73,,5581,151,,,0,33,,5604,151,,,0,73,,5597,151,,,0,33,,5592,151,,,0,73,,5594,151,,,0,33,,5603,151,,,0,73,,5600,151,,,0,33,,5590,151,,,0,73,,5595,151,,,0,33,,5598,151,,,0,73,,5587,151,,,0,73,,5583,151,,,0,33,,5582,151,,,0,73,,5606,151,,,0,33,,5591,151,,,0,73,,5596,151,,,0,28,,5584,151,,,0,70,,5586,151,,,0,33,,5599,151,,,0,73,,5607,151,,,0
