5100,'074f6f99-b31b-4df1-a3e5-9abd9c35b5c1',700,,1085,0,,,0,40,,1088,0,,,0,80,,1081,0,,,0,80,,1098,0,,,0,40,,1095,0,,,0,80,,1096,0,,,0,80,,1097,0,,,0,40,,1091,0,,,0,80,,1090,0,,,0,80,,1083,0,,,0,40,,1092,0,,,0,80,,1084,0,,,0,80,,1093,0,,,0,40,,1094,0,,,0,80,,1082,0,,,0,80,,1089,0,,,0,40,,1087,0,,,0,80,,1086,0,,,0
5100,'703caac3-e400-4a05-b071-5959733bf417',700,,1110,0,,,0,40,,1113,0,,,0,80,,1111,0,,,0,80,,1100,0,,,0,40,,1109,0,,,0,80,,1106,0,,,0,80,,1112,0,,,0,45,,1105,0,,,0,85,,1101,0,,,0,85,,1099,0,,,0,85,,1107,0,,,0,45,,1103,0,,,0,85,,1115,0,,,0,85,,1104,0,,,0,85,,1102,0,,,0,40,,1108,0,,,0,80,,1114,0,,,0
5100,'7a79cb2c-ce68-45ab-b7f0-91cea93195e1',700,,1119,0,,,0,40,,1130,0,,,0,80,,1132,0,,,0,80,,1117,0,,,0,40,,1116,0,,,0,80,,1120,0,,,0,80,,1131,0,,,0,45,,1121,0,,,0,85,,1118,0,,,0,85,,1126,0,,,0,85,,1123,0,,,0,45,,1128,0,,,0,85,,1125,0,,,0,85,,1129,0,,,0,85,,1124,0,,,0,40,,1122,0,,,0,80,,1127,0,,,0
5101,'074f6f99-b31b-4df1-a3e5-9abd9c35b5c1',732,,1149,104,4,,0,80,,1148,104,4,,0,40,,1147,104,4,,0,80,,1136,104,4,,0,80,,1135,104,4,,0,40,,1138,104,4,,0,80,,1150,104,4,,0,80,,1146,104,4,,0,40,,1140,104,4,,0,80,,1141,104,4,,0,80,,1142,104,4,,0,40,,1134,104,4,,0,80,,1139,104,4,,0,80,,1143,104,4,,0,40,,1145,104,4,,0,80,,1144,104,4,,0,80,,1133,104,4,,0,40,,1137,104,4,,0
5101,'703caac3-e400-4a05-b071-5959733bf417',631,,1162,104,4,,0,23,,1157,104,4,,0,78,,1153,104,4,,0,80,,1151,104,4,,0,40,,1155,104,4,,0,80,,1164,104,4,,0,80,,1152,104,4,,0,40,,1169,104,4,,0,85,,1168,104,4,,0,85,,1156,104,4,,0,85,,1154,104,4,,0,45,,1159,104,4,,0,85,,1165,104,4,,0,85,,1163,104,4,,0,85,,1167,104,4,,0,45,,1158,104,4,,0,85,,1166,104,4,,0,80,,1160,104,4,,0,40,,1161,104,4,,0
5101,'7a79cb2c-ce68-45ab-b7f0-91cea93195e1',632,,1173,104,4,,0,23,,1170,104,4,,0,79,,1182,104,4,,0,80,,1186,104,4,,0,40,,1181,104,4,,0,80,,1183,104,4,,0,80,,1177,104,4,,0,40,,1179,104,4,,0,83,,1188,104,4,,0,85,,1175,104,4,,0,85,,1178,104,4,,0,45,,1176,104,4,,0,85,,1174,104,4,,0,85,,1171,104,4,,0,85,,1180,104,4,,0,45,,1185,104,4,,0,85,,1187,104,4,,0,80,,1184,104,4,,0,40,,1172,104,4,,0
5200,'074f6f99-b31b-4df1-a3e5-9abd9c35b5c1',720,,1202,0,,,0,80,,1189,0,,,0,40,,1191,0,,,0,80,,1190,0,,,0,80,,1193,0,,,0,40,,1195,0,,,0,80,,1200,0,,,0,80,,1197,0,,,0,40,,1192,0,,,0,80,,1205,0,,,0,80,,1201,0,,,0,40,,1203,0,,,0,80,,1199,0,,,0,80,,1198,0,,,0,40,,1196,0,,,0,80,,1204,0,,,0,80,,1194,0,,,0
5200,'703caac3-e400-4a05-b071-5959733bf417',640,,1207,0,,,0,80,,1223,0,,,0,80,,1214,0,,,0,40,,1210,0,,,0,80,,1209,0,,,0,80,,1218,0,,,0,40,,1220,0,,,0,80,,1215,0,,,0,80,,1206,0,,,0,40,,1217,0,,,0,80,,1208,0,,,0,80,,1222,0,,,0,40,,1216,0,,,0,80,,1219,0,,,0,80,,1213,0,,,0,40,,1212,0,,,0,80,,1221,0,,,0,80,,1211,0,,,0
5200,'7a79cb2c-ce68-45ab-b7f0-91cea93195e1',640,,1228,0,,,0,80,,1233,0,,,0,80,,1235,0,,,0,40,,1237,0,,,0,80,,1226,0,,,0,80,,1239,0,,,0,40,,1240,0,,,0,80,,1241,0,,,0,80,,1230,0,,,0,40,,1238,0,,,0,80,,1232,0,,,0,80,,1234,0,,,0,40,,1231,0,,,0,80,,1227,0,,,0,80,,1229,0,,,0,40,,1236,0,,,0,80,,1225,0,,,0,80,,1224,0,,,0
5201,'074f6f99-b31b-4df1-a3e5-9abd9c35b5c1',709,,1242,117,4,,0,40,,1259,117,4,,0,80,,1252,117,4,,0,80,,1244,117,4,,0,40,,1257,117,4,,0,80,,1251,117,4,,0,80,,1255,117,4,,0,40,,1250,117,4,,0,80,,1256,117,4,,0,80,,1258,117,4,,0,40,,1245,117,4,,0,80,,1253,117,4,,0,80,,1248,117,4,,0,40,,1247,117,4,,0,80,,1243,117,4,,0,80,,1249,117,4,,0,40,,1254,117,4,,0,80,,1246,117,4,,0
5201,'703caac3-e400-4a05-b071-5959733bf417',614,,1270,117,4,,0,20,,1275,117,4,,0,75,,1269,117,4,,0,40,,1263,117,4,,0,80,,1267,117,4,,0,80,,1279,117,4,,0,40,,1274,117,4,,0,80,,1271,117,4,,0,80,,1266,117,4,,0,40,,1273,117,4,,0,80,,1261,117,4,,0,80,,1276,117,4,,0,40,,1265,117,4,,0,80,,1260,117,4,,0,80,,1272,117,4,,0,40,,1277,117,4,,0,80,,1268,117,4,,0,80,,1262,117,4,,0,40,,1278,117,4,,0,80,,1264,117,4,,0
5201,'7a79cb2c-ce68-45ab-b7f0-91cea93195e1',614,,1289,117,4,,0,20,,1288,117,4,,0,75,,1286,117,4,,0,40,,1283,117,4,,0,80,,1292,117,4,,0,80,,1287,117,4,,0,40,,1297,117,4,,0,80,,1296,117,4,,0,80,,1284,117,4,,0,40,,1282,117,4,,0,80,,1291,117,4,,0,80,,1294,117,4,,0,40,,1299,117,4,,0,80,,1290,117,4,,0,80,,1293,117,4,,0,40,,1280,117,4,,0,80,,1281,117,4,,0,80,,1285,117,4,,0,40,,1295,117,4,,0,80,,1298,117,4,,0
