100,'1fe0d92c-9044-4814-8d20-55198bafd146',619,,6309,113,,,0,28,,6302,113,,,0,69,,6334,113,,,0,33,,6324,113,,,0,73,,6327,113,,,0,33,,6314,113,,,0,73,,6303,113,,,0,73,,6329,113,,,0,33,,6307,113,,,0,73,,6335,113,,,0,33,,6312,113,,,0,73,,6315,113,,,0,33,,6333,113,,,0,73,,6311,113,,,0,37,,6328,113,,,0,75,,6320,113,,,0,75,,6308,113,,,0,35,,6323,113,,,0,75,,6317,113,4,,0,35,,6301,113,,,0,75,,6325,113,,,0,75,,6321,113,,,0,31,,6330,113,,,0,73,,6331,113,,,0,33,,6318,113,,,0,73,,6306,113,,,0,33,,6319,113,,,0,73,,6316,113,,,0,33,,6305,113,,,0,73,,6332,113,,,0,30,,6322,113,,,0,57,,6304,113,,,0,30,,6310,122,,,0,63,,6326,122,4,,0
100,'9ecf710c-601d-465c-83ad-25c219925bad',713,,6349,113,,,0,36,,6345,113,,,0,73,,6348,113,,,0,33,,6340,113,,,0,73,,6363,113,,,0,73,,6358,113,,,0,33,,6341,113,,,0,73,,6336,113,,,0,33,,6351,113,,,0,73,,6362,113,,,0,33,,6368,113,,,0,73,,6355,113,,,0,37,,6357,113,,,0,75,,6367,113,,,0,75,,6347,113,,,0,35,,6354,113,4,,0,75,,6353,113,,,0,35,,6344,113,,,0,75,,6346,113,,,0,75,,6350,113,,,0,31,,6352,113,,,0,73,,6356,113,,,0,33,,6366,113,,,0,73,,6343,113,,,0,33,,6361,113,,,0,73,,6342,113,,,0,33,,6364,113,,,0,73,,6360,113,,,0,30,,6339,113,,,0,57,,6337,113,,,0,30,,6365,122,,,0,63,,6359,122,4,,0
100,'bcaf19fe-11ef-4115-afbb-ac9c5f562f28',822,,6383,113,,,0,33,,6384,113,,,0,73,,6369,113,,,0,73,,6382,113,,,0,33,,6388,113,,,0,73,,6371,113,,,0,33,,6387,113,,,0,73,,6377,113,,,0,33,,6380,113,,,0,73,,6386,113,4,,0,33,,6381,113,4,,0,73,,6385,113,,,0,33,,6373,113,,,0,73,,6370,113,,,0,73,,6376,113,,,0,33,,6391,113,,,0,73,,6378,113,,,0,33,,6389,113,,,0,73,,6375,113,,,0,33,,6379,122,,,0,65,,6390,122,4,,0
100,'bf660328-88ad-42b5-9a19-68afdd8f4a47',822,,6399,113,,,0,33,,6401,113,,,0,73,,6406,113,,,0,73,,6393,113,,,0,33,,6396,113,,,0,73,,6410,113,,,0,33,,6395,113,,,0,73,,6405,113,,,0,33,,6411,113,,,0,73,,6403,113,,,0,33,,6404,113,,,0,73,,6392,113,,,0,33,,6397,113,,,0,73,,6398,113,,,0,73,,6412,113,,,0,33,,6409,113,,,0,73,,6402,113,,,0,33,,6400,113,,,0,73,,6407,113,,,0,33,,6408,122,,,0,65,,6394,122,4,,0
100,'ed28f9c7-46cd-41bf-a6ca-237f78214646',822,,6430,113,,,0,33,,6419,113,,,0,73,,6414,113,,,0,73,,6433,113,,,0,33,,6425,113,,,0,73,,6418,113,,,0,33,,6423,113,,,0,73,,6421,113,,,0,33,,6429,113,,,0,73,,6416,113,4,,0,33,,6415,113,4,,0,73,,6422,113,,,0,33,,6426,113,,,0,73,,6417,113,,,0,73,,6432,113,,,0,33,,6413,113,,,0,73,,6434,113,,,0,33,,6427,113,,,0,73,,6435,113,,,0,33,,6420,122,,,0,65,,6431,122,4,,0
200,'1fe0d92c-9044-4814-8d20-55198bafd146',600,,6605,106,,,0,24,,6577,106,,,0,35,,6578,106,,,0,73,,6576,106,,,0,73,,6593,106,,,0,33,,6597,106,,,0,73,,6592,106,,,0,33,,6580,106,,,0,73,,6601,106,,,0,33,,6598,106,,,0,73,,6589,106,,,0,33,,6591,106,,,0,73,,6595,106,,,0,73,,6583,106,,,0,37,,6581,106,4,,0,75,,6602,106,,,0,35,,6599,106,,,0,75,,6571,106,,,0,35,,6586,106,,,0,75,,6582,106,,,0,75,,6604,106,,,0,35,,6588,106,,,0,71,,6579,106,,,0,33,,6573,106,,,0,73,,6574,106,,,0,33,,6587,106,,,0,73,,6572,106,,,0,73,,6575,106,,,0,33,,6590,106,,,0,73,,6596,106,,,0,28,,6603,106,,,0,66,,6585,106,,,0,30,,6600,106,,,0,20,,6584,106,4,,0
200,'9ecf710c-601d-465c-83ad-25c219925bad',659,,6632,106,,,0,73,,6610,106,,,0,73,,6612,106,,,0,33,,6628,106,,,0,73,,6625,106,,,0,33,,6639,106,,,0,73,,6634,106,,,0,33,,6627,106,,,0,73,,6637,106,,,0,33,,6623,106,,,0,73,,6633,106,,,0,73,,6607,106,,,0,37,,6635,106,,,0,75,,6624,106,,,0,35,,6621,106,,,0,75,,6613,106,4,,0,35,,6615,106,4,,0,75,,6606,106,,,0,75,,6620,106,,,0,35,,6611,106,,,0,71,,6636,106,,,0,33,,6629,106,,,0,73,,6638,106,,,0,33,,6614,106,,,0,73,,6616,106,,,0,73,,6619,106,,,0,33,,6608,106,,,0,73,,6630,106,,,0,28,,6609,106,,,0,66,,6626,106,,,0,30,,6618,106,,,0,20,,6631,106,4,,0
200,'bcaf19fe-11ef-4115-afbb-ac9c5f562f28',805,,6646,106,,,0,33,,6656,106,,,0,73,,6642,106,,,0,33,,6648,106,,,0,73,,6649,106,,,0,33,,6644,106,,,0,73,,6641,106,,,0,33,,6651,106,,,0,73,,6652,106,,,0,73,,6645,106,,,0,33,,6654,106,4,,0,73,,6643,106,,,0,33,,6650,106,,,0,73,,6647,106,,,0,33,,6658,106,,,0,73,,6640,106,,,0,33,,6655,106,,,0,73,,6660,106,,,0,33,,6653,106,,,0,73,,6661,106,,,0,68,,6659,106,4,,0
200,'bf660328-88ad-42b5-9a19-68afdd8f4a47',805,,6671,106,,,0,33,,6683,106,,,0,73,,6681,106,,,0,33,,6670,106,,,0,73,,6665,106,,,0,33,,6675,106,,,0,73,,6682,106,,,0,33,,6668,106,,,0,73,,6679,106,,,0,73,,6667,106,,,0,33,,6663,106,4,,0,73,,6662,106,,,0,33,,6680,106,,,0,73,,6676,106,,,0,33,,6677,106,,,0,73,,6666,106,,,0,33,,6664,106,,,0,73,,6678,106,,,0,33,,6674,106,,,0,73,,6673,106,,,0,68,,6672,106,4,,0
200,'ed28f9c7-46cd-41bf-a6ca-237f78214646',805,,6687,106,,,0,33,,6704,106,,,0,73,,6684,106,,,0,33,,6696,106,,,0,73,,6689,106,,,0,33,,6695,106,,,0,73,,6685,106,,,0,33,,6699,106,,,0,73,,6703,106,,,0,73,,6694,106,,,0,33,,6697,106,4,,0,73,,6702,106,,,0,33,,6698,106,,,0,73,,6691,106,,,0,33,,6692,106,,,0,73,,6693,106,,,0,33,,6700,106,,,0,73,,6690,106,,,0,33,,6688,106,,,0,73,,6705,106,,,0,68,,6701,106,4,,0
