301,'1fe0d92c-9044-4814-8d20-55198bafd146',612,,6988,7,,,0,32,,6998,7,,,0,73,,6994,7,,,0,33,,6999,7,,,0,73,,6975,7,,,0,33,,6985,7,,,0,73,,6971,7,,,0,73,,6989,7,,,0,33,,6978,7,,,0,73,,6993,7,,,0,33,,6981,7,,,0,73,,6973,7,,,0,34,,6979,7,,,0,75,,6987,7,,,0,35,,6983,7,,,0,75,,6995,7,,,0,75,,6982,7,,,0,35,,6974,7,,,0,75,,6992,7,,,0,35,,6984,7,,,0,75,,6997,7,,,0,74,,7000,7,,,0,34,,6980,7,,,0,73,,7002,7,,,0,33,,6976,7,,,0,73,,6972,7,,,0,33,,6970,7,,,0,73,,6990,7,,,0,33,,6986,7,,,0,73,,6996,7,,,0,20,,6991,7,,,0,70,,6977,7,,,0,25,,7001,7,,,0
301,'9ecf710c-601d-465c-83ad-25c219925bad',717,,7024,7,,,0,33,,7032,7,,,0,73,,7022,7,,,0,33,,7004,7,,,0,73,,7020,7,,,0,73,,7021,7,,,0,33,,7030,7,,,0,73,,7014,7,,,0,33,,7003,7,,,0,73,,7033,7,,,0,34,,7031,7,,,0,75,,7019,7,,,0,35,,7015,7,,,0,75,,7009,7,,,0,75,,7006,7,,,0,35,,7026,7,,,0,75,,7025,7,,,0,35,,7013,7,,,0,75,,7005,7,,,0,74,,7012,7,,,0,34,,7016,7,,,0,73,,7029,7,,,0,33,,7008,7,,,0,73,,7011,7,,,0,33,,7007,7,,,0,73,,7028,7,,,0,33,,7010,7,,,0,73,,7027,7,,,0,20,,7018,7,,,0,70,,7017,7,,,0,25,,7023,7,,,0
301,'bcaf19fe-11ef-4115-afbb-ac9c5f562f28',750,,7046,7,,,0,73,,7049,7,,,0,33,,7059,7,,,0,73,,7041,7,,,0,73,,7055,7,,,0,33,,7034,7,,,0,73,,7048,7,,,0,33,,7052,7,,,0,73,,7038,7,,,0,33,,7037,7,,,0,73,,7035,7,,,0,33,,7047,7,,,0,73,,7053,7,,,0,33,,7044,7,,,0,73,,7051,7,,,0,73,,7045,7,,,0,33,,7056,7,,,0,73,,7061,7,,,0,33,,7054,7,,,0,73,,7060,7,,,0,25,,7058,7,,,0,73,,7043,7,,,0,33,,7039,7,,,0,73,,7050,7,,,0,33,,7040,7,,,0,73,,7057,7,,,0,73,,7036,7,,,0,33,,7042,7,,,0
301,'bf660328-88ad-42b5-9a19-68afdd8f4a47',750,,7062,7,,,0,73,,7069,7,,,0,33,,7082,7,,,0,73,,7066,7,,,0,73,,7067,7,,,0,33,,7068,7,,,0,73,,7078,7,,,0,33,,7080,7,,,0,73,,7079,7,,,0,33,,7073,7,,,0,73,,7076,7,,,0,33,,7071,7,,,0,73,,7063,7,,,0,33,,7074,7,,,0,73,,7064,7,,,0,73,,7070,7,,,0,33,,7075,7,,,0,73,,7077,7,,,0,33,,7072,7,,,0,73,,7081,7,,,0,25,,7065,7,,,0
301,'ed28f9c7-46cd-41bf-a6ca-237f78214646',750,,7098,7,,,0,73,,7092,7,,,0,33,,7093,7,,,0,73,,7087,7,,,0,73,,7102,7,,,0,33,,7101,7,,,0,73,,7085,7,,,0,33,,7100,7,,,0,73,,7086,7,,,0,33,,7094,7,,,0,73,,7083,7,,,0,33,,7103,7,,,0,73,,7099,7,,,0,33,,7090,7,,,0,73,,7095,7,,,0,73,,7089,7,,,0,33,,7097,7,,,0,73,,7088,7,,,0,33,,7096,7,,,0,73,,7091,7,,,0,25,,7084,7,,,0
401,'1fe0d92c-9044-4814-8d20-55198bafd146',607,,7247,6,,,0,31,,7256,6,,,0,74,,7269,6,,,0,32,,7263,6,,,0,73,,7245,6,,,0,33,,7241,6,,,0,73,,7261,6,,,0,33,,7255,6,,,0,73,,7249,6,,,0,73,,7268,6,,,0,33,,7259,6,,,0,73,,7262,6,,,0,33,,7246,6,,,0,74,,7264,6,,,0,38,,7266,6,,,0,75,,7250,6,,,0,75,,7270,6,,,0,35,,7243,6,,,0,75,,7267,6,,,0,35,,7251,6,,,0,75,,7242,6,,,0,35,,7244,6,,,0,72,,7260,6,,,0,72,,7254,6,,,0,34,,7248,6,,,0,73,,7273,6,,,0,33,,7265,6,,,0,73,,7272,6,,,0,33,,7257,6,,,0,73,,7258,6,,,0,27,,7252,6,,,0,65,,7253,6,,,0,19,,7271,6,,,0
401,'9ecf710c-601d-465c-83ad-25c219925bad',712,,7297,6,,,0,32,,7295,6,,,0,73,,7294,6,,,0,33,,7274,6,,,0,73,,7287,6,,,0,33,,7275,6,,,0,73,,7293,6,,,0,73,,7292,6,,,0,33,,7305,6,,,0,73,,7278,6,,,0,33,,7296,6,,,0,74,,7280,6,,,0,38,,7285,6,,,0,75,,7284,6,,,0,75,,7302,6,,,0,35,,7288,6,,,0,75,,7277,6,,,0,35,,7303,6,,,0,75,,7291,6,,,0,35,,7299,6,,,0,72,,7276,6,,,0,72,,7289,6,,,0,34,,7306,6,,,0,73,,7298,6,,,0,33,,7301,6,,,0,73,,7304,6,,,0,33,,7300,6,,,0,73,,7286,6,,,0,27,,7283,6,,,0,65,,7281,6,,,0,19,,7279,6,,,0
401,'bcaf19fe-11ef-4115-afbb-ac9c5f562f28',817,,7323,6,,,0,33,,7329,6,,,0,73,,7308,6,,,0,33,,7330,6,,,0,73,,7313,6,,,0,73,,7325,6,,,0,33,,7328,6,,,0,73,,7311,6,,,0,33,,7315,6,,,0,73,,7333,6,,,0,33,,7335,6,,,0,73,,7331,6,,,0,33,,7319,6,,,0,73,,7318,6,,,0,33,,7309,6,,,0,73,,7321,6,,,0,73,,7317,6,,,0,33,,7334,6,,,0,73,,7307,6,,,0,33,,7324,6,,,0,68,,7332,6,,,0,30,,7320,6,,,0,73,,7322,6,,,0,33,,7314,6,,,0,73,,7310,6,,,0,33,,7312,6,,,0,73,,7316,6,,,0
401,'bf660328-88ad-42b5-9a19-68afdd8f4a47',817,,7357,6,,,0,33,,7336,6,,,0,73,,7338,6,,,0,33,,7352,6,,,0,73,,7346,6,,,0,73,,7344,6,,,0,33,,7339,6,,,0,73,,7341,6,,,0,33,,7350,6,,,0,73,,7353,6,,,0,33,,7356,6,,,0,73,,7342,6,,,0,33,,7351,6,,,0,73,,7347,6,,,0,33,,7340,6,,,0,73,,7349,6,,,0,73,,7343,6,,,0,33,,7354,6,,,0,73,,7355,6,,,0,33,,7348,6,,,0
401,'ed28f9c7-46cd-41bf-a6ca-237f78214646',817,,7370,6,,,0,33,,7369,6,,,0,73,,7360,6,,,0,33,,7377,6,,,0,73,,7373,6,,,0,73,,7367,6,,,0,33,,7362,6,,,0,73,,7375,6,,,0,33,,7368,6,,,0,73,,7376,6,,,0,33,,7379,6,,,0,73,,7361,6,,,0,33,,7366,6,,,0,73,,7371,6,,,0,33,,7372,6,,,0,73,,7365,6,,,0,73,,7358,6,,,0,33,,7374,6,,,0,73,,7364,6,,,0,33,,7378,6,,,0
