100,'1fe0d92c-9044-4814-8d20-55198bafd146',606,,6309,42,,,0,28,,6302,42,,,0,69,,6334,42,,,0,33,,6324,42,,,0,73,,6327,42,,,0,33,,6314,42,,,0,73,,6303,42,,,0,33,,6329,42,,,0,73,,6307,42,,,0,33,,6335,42,,,0,73,,6312,42,,,0,73,,6315,42,,,0,33,,6333,42,,,0,73,,6311,42,,,0,36,,6328,42,,,0,75,,6320,42,,,0,35,,6308,42,,,0,75,,6323,42,,,0,75,,6317,42,,,0,35,,6301,42,,,0,75,,6325,42,,,0,35,,6321,42,,,0,72,,6330,42,,,0,33,,6331,42,,,0,73,,6318,42,,,0,33,,6306,42,,,0,73,,6319,42,,,0,73,,6316,42,,,0,33,,6305,42,,,0,73,,6332,42,,,0,30,,6322,42,,,0,60,,6304,42,,,0,30,,6310,49,,,0,23,,6326,49,,,0
100,'9ecf710c-601d-465c-83ad-25c219925bad',700,,6349,42,,,0,36,,6345,42,,,0,73,,6348,42,,,0,33,,6340,42,,,0,73,,6363,42,,,0,33,,6358,42,,,0,73,,6341,42,,,0,33,,6336,42,,,0,73,,6351,42,,,0,73,,6362,42,,,0,33,,6368,42,,,0,73,,6355,42,,,0,36,,6357,42,,,0,75,,6367,42,,,0,35,,6347,42,,,0,75,,6354,42,,,0,75,,6353,42,,,0,35,,6344,42,,,0,78,,6346,42,,,0,32,,6350,42,,,0,72,,6352,42,,,0,33,,6356,42,,,0,73,,6366,42,,,0,33,,6343,42,,,0,73,,6361,42,,,0,73,,6342,42,,,0,33,,6364,42,,,0,73,,6360,42,,,0,30,,6339,42,,,0,60,,6337,42,,,0,30,,6365,49,,,0,23,,6359,49,,,0
100,'bcaf19fe-11ef-4115-afbb-ac9c5f562f28',809,,6383,42,,,0,33,,6384,42,,,0,73,,6369,42,,,0,33,,6382,42,,,0,73,,6388,42,,,0,33,,6371,42,,,0,73,,6387,42,,,0,73,,6377,42,,,0,33,,6380,42,,,0,73,,6386,42,,,0,33,,6381,42,,,0,73,,6385,42,,,0,33,,6373,42,,,0,73,,6370,42,,,0,33,,6376,42,,,0,73,,6391,42,,,0,33,,6378,42,,,0,73,,6389,42,,,0,73,,6375,42,,,0,33,,6379,49,,,0,65,,6390,49,,,0
100,'bf660328-88ad-42b5-9a19-68afdd8f4a47',809,,6399,42,,,0,33,,6401,42,,,0,73,,6406,42,,,0,33,,6393,42,,,0,73,,6396,42,,,0,33,,6410,42,,,0,73,,6395,42,,,0,73,,6405,42,,,0,33,,6411,42,,,0,73,,6403,42,,,0,33,,6404,42,,,0,73,,6392,42,,,0,33,,6397,42,,,0,73,,6398,42,,,0,33,,6412,42,,,0,73,,6409,42,,,0,33,,6402,42,,,0,73,,6400,42,,,0,73,,6407,42,,,0,33,,6408,49,,,0,65,,6394,49,,,0
100,'ed28f9c7-46cd-41bf-a6ca-237f78214646',809,,6430,42,,,0,33,,6419,42,,,0,73,,6414,42,,,0,33,,6433,42,,,0,73,,6425,42,,,0,33,,6418,42,,,0,73,,6423,42,,,0,73,,6421,42,,,0,33,,6429,42,,,0,73,,6416,42,,,0,33,,6415,42,,,0,73,,6422,42,,,0,33,,6426,42,,,0,73,,6417,42,,,0,33,,6432,42,,,0,73,,6413,42,,,0,33,,6434,42,,,0,73,,6427,42,,,0,73,,6435,42,,,0,33,,6420,49,,,0,65,,6431,49,,,0
101,'1fe0d92c-9044-4814-8d20-55198bafd146',610,,6467,134,,,0,26,,6462,134,,,0,76,,6464,134,,,0,33,,6440,134,,,0,73,,6437,134,,,0,33,,6450,134,,,0,73,,6456,134,,,0,33,,6448,134,,,0,73,,6443,134,,,0,73,,6457,134,,,0,33,,6439,134,,,0,73,,6447,134,,,0,33,,6466,134,,,0,73,,6452,134,,,0,37,,6451,134,,,0,75,,6442,134,,,0,75,,6438,134,,,0,35,,6453,134,,,0,75,,6469,134,,,0,35,,6458,134,,,0,75,,6454,134,,,0,35,,6463,134,,,0,71,,6465,134,,,0,73,,6441,134,,,0,33,,6461,134,,,0,73,,6460,134,,,0,33,,6445,134,,,0,73,,6444,134,,,0,33,,6459,134,,,0,70,,6446,134,,,0,24,,6455,134,,,0,70,,6470,134,,,0,30,,6468,134,,,0,10,,6449,138,,,0
101,'9ecf710c-601d-465c-83ad-25c219925bad',712,,6471,134,,,0,33,,6482,134,,,0,73,,6490,134,,,0,33,,6504,134,,,0,73,,6473,134,,,0,33,,6496,134,,,0,73,,6481,134,,,0,73,,6502,134,,,0,33,,6476,134,,,0,73,,6499,134,,,0,33,,6495,134,,,0,73,,6477,134,,,0,37,,6498,134,,,0,75,,6484,134,,,0,75,,6483,134,,,0,35,,6479,134,,,0,75,,6488,134,,,0,35,,6475,134,,,0,75,,6494,134,,,0,35,,6501,134,,,0,71,,6480,134,,,0,73,,6500,134,,,0,33,,6497,134,,,0,73,,6493,134,,,0,33,,6492,134,,,0,73,,6489,134,,,0,33,,6486,134,,,0,70,,6472,134,,,0,24,,6474,134,,,0,70,,6485,134,,,0,30,,6491,134,,,0,10,,6478,138,,,0
101,'bcaf19fe-11ef-4115-afbb-ac9c5f562f28',818,,6516,134,,,0,33,,6518,134,,,0,73,,6522,134,,,0,33,,6507,134,,,0,73,,6506,134,,,0,73,,6511,134,,,0,33,,6509,134,,,0,73,,6505,134,,,0,33,,6526,134,,,0,73,,6510,134,,,0,33,,6521,134,,,0,73,,6515,134,,,0,33,,6508,134,,,0,73,,6525,134,,,0,73,,6513,134,,,0,33,,6520,134,,,0,73,,6523,134,,,0,33,,6519,134,,,0,73,,6517,134,,,0,33,,6524,134,,,0
101,'bf660328-88ad-42b5-9a19-68afdd8f4a47',818,,6548,134,,,0,33,,6527,134,,,0,73,,6537,134,,,0,33,,6534,134,,,0,73,,6547,134,,,0,73,,6539,134,,,0,33,,6541,134,,,0,73,,6535,134,,,0,33,,6542,134,,,0,73,,6545,134,,,0,33,,6538,134,,,0,73,,6533,134,,,0,33,,6531,134,,,0,73,,6530,134,,,0,73,,6529,134,,,0,33,,6546,134,,,0,73,,6532,134,,,0,33,,6536,134,,,0,73,,6543,134,,,0,33,,6540,134,,,0
101,'ed28f9c7-46cd-41bf-a6ca-237f78214646',818,,6565,134,,,0,33,,6567,134,,,0,73,,6569,134,,,0,33,,6550,134,,,0,73,,6557,134,,,0,73,,6563,134,,,0,33,,6564,134,,,0,73,,6556,134,,,0,33,,6561,134,,,0,73,,6554,134,,,0,33,,6552,134,,,0,73,,6553,134,,,0,33,,6558,134,,,0,73,,6562,134,,,0,73,,6549,134,,,0,33,,6555,134,,,0,73,,6560,134,,,0,33,,6559,134,,,0,73,,6568,134,,,0,33,,6551,134,,,0
200,'1fe0d92c-9044-4814-8d20-55198bafd146',611,,6577,46,,,0,35,,6578,46,,,0,73,,6576,46,,,0,33,,6593,46,,,0,73,,6597,46,,,0,33,,6592,46,,,0,73,,6580,46,,,0,73,,6601,46,,,0,33,,6598,46,,,0,73,,6589,46,,,0,33,,6591,46,,,0,73,,6595,46,,,0,33,,6583,46,,,0,76,,6581,46,,,0,75,,6602,46,,,0,35,,6599,46,,,0,75,,6571,46,,,0,35,,6586,46,,,0,75,,6582,46,,,0,35,,6604,46,,,0,75,,6588,46,,,0,72,,6579,46,,,0,33,,6573,46,,,0,73,,6574,46,,,0,33,,6587,46,,,0,73,,6572,46,,,0,33,,6575,46,,,0,73,,6590,46,,,0,33,,6596,46,,,0,73,,6603,46,,,0,24,,6585,46,,,0,70,,6600,46,,,0,20,,6584,46,,,0
200,'9ecf710c-601d-465c-83ad-25c219925bad',719,,6610,46,,,0,33,,6612,46,,,0,73,,6628,46,,,0,33,,6625,46,,,0,73,,6639,46,,,0,73,,6634,46,,,0,33,,6627,46,,,0,73,,6637,46,,,0,33,,6623,46,,,0,73,,6633,46,,,0,33,,6607,46,,,0,76,,6635,46,,,0,75,,6624,46,,,0,35,,6621,46,,,0,75,,6613,46,,,0,35,,6615,46,,,0,75,,6606,46,,,0,35,,6620,46,,,0,75,,6611,46,,,0,72,,6636,46,,,0,33,,6629,46,,,0,73,,6638,46,,,0,33,,6614,46,,,0,73,,6616,46,,,0,33,,6619,46,,,0,73,,6608,46,,,0,33,,6630,46,,,0,71,,6609,46,,,0,26,,6626,46,,,0,70,,6618,46,,,0,20,,6631,46,,,0
200,'bcaf19fe-11ef-4115-afbb-ac9c5f562f28',825,,6656,46,,,0,33,,6642,46,,,0,73,,6648,46,,,0,73,,6649,46,,,0,33,,6644,46,,,0,73,,6641,46,,,0,33,,6651,46,,,0,73,,6652,46,,,0,33,,6645,46,,,0,73,,6654,46,,,0,33,,6643,46,,,0,73,,6650,46,,,0,73,,6647,46,,,0,33,,6658,46,,,0,73,,6640,46,,,0,33,,6655,46,,,0,73,,6660,46,,,0,33,,6653,46,,,0,73,,6661,46,,,0,28,,6659,46,,,0
200,'bf660328-88ad-42b5-9a19-68afdd8f4a47',825,,6683,46,,,0,33,,6681,46,,,0,73,,6670,46,,,0,73,,6665,46,,,0,33,,6675,46,,,0,73,,6682,46,,,0,33,,6668,46,,,0,73,,6679,46,,,0,33,,6667,46,,,0,73,,6663,46,,,0,33,,6662,46,,,0,73,,6680,46,,,0,73,,6676,46,,,0,33,,6677,46,,,0,73,,6666,46,,,0,33,,6664,46,,,0,73,,6678,46,,,0,33,,6674,46,,,0,73,,6673,46,,,0,28,,6672,46,,,0
200,'ed28f9c7-46cd-41bf-a6ca-237f78214646',825,,6704,46,,,0,33,,6684,46,,,0,73,,6696,46,,,0,73,,6689,46,,,0,33,,6695,46,,,0,73,,6685,46,,,0,33,,6699,46,,,0,73,,6703,46,,,0,33,,6694,46,,,0,73,,6697,46,,,0,33,,6702,46,,,0,73,,6698,46,,,0,73,,6691,46,,,0,33,,6692,46,,,0,73,,6693,46,,,0,33,,6700,46,,,0,73,,6690,46,,,0,33,,6688,46,,,0,73,,6705,46,,,0,28,,6701,46,,,0
201,'1fe0d92c-9044-4814-8d20-55198bafd146',623,,6714,166,,,0,33,,6727,166,,,0,73,,6711,166,,,0,73,,6737,166,,,0,33,,6710,166,,,0,73,,6708,166,,,0,33,,6706,166,,,0,73,,6736,166,,,0,33,,6732,166,,,0,73,,6720,166,,,0,33,,6715,166,,,0,73,,6718,166,,,0,33,,6712,166,,,0,77,,6719,166,,,0,75,,6717,166,,,0,35,,6739,166,,,0,75,,6740,166,,,0,35,,6707,166,,,0,75,,6730,166,,,0,75,,6716,166,,,0,33,,6729,166,,,0,73,,6721,166,,,0,33,,6725,166,,,0,73,,6738,166,,,0,33,,6722,166,,,0,73,,6709,166,,,0,33,,6724,166,,,0,73,,6735,166,,,0,73,,6733,166,,,0,26,,6726,166,,,0,30,,6713,166,,,0,70,,6734,166,,,0,25,,6731,166,,,0
201,'9ecf710c-601d-465c-83ad-25c219925bad',729,,6755,166,,,0,73,,6758,166,,,0,33,,6766,166,,,0,73,,6770,166,,,0,33,,6771,166,,,0,73,,6764,166,,,0,33,,6772,166,,,0,73,,6763,166,,,0,33,,6753,166,,,0,73,,6757,166,,,0,33,,6748,166,,,0,77,,6746,166,,,0,75,,6754,166,,,0,35,,6768,166,,,0,75,,6761,166,,,0,35,,6742,166,,,0,75,,6743,166,,,0,75,,6759,166,,,0,35,,6752,166,,,0,71,,6762,166,,,0,33,,6744,166,,,0,73,,6760,166,,,0,33,,6747,166,,,0,73,,6749,166,,,0,33,,6767,166,,,0,73,,6745,166,,,0,73,,6769,166,,,0,26,,6751,166,,,0,30,,6741,166,,,0,70,,6756,166,,,0,25,,6765,166,,,0
201,'bcaf19fe-11ef-4115-afbb-ac9c5f562f28',835,,6791,166,,,0,73,,6773,166,,,0,33,,6774,166,,,0,73,,6786,166,,,0,33,,6790,166,,,0,73,,6793,166,,,0,33,,6787,166,,,0,73,,6792,166,,,0,33,,6777,166,,,0,73,,6784,166,,,0,73,,6794,166,,,0,33,,6775,166,,,0,73,,6778,166,,,0,33,,6781,166,,,0,73,,6782,166,,,0,33,,6776,166,,,0,73,,6785,166,,,0,33,,6789,166,,,0,73,,6783,166,,,0,73,,6779,166,,,0
201,'bf660328-88ad-42b5-9a19-68afdd8f4a47',835,,6797,166,,,0,73,,6798,166,,,0,33,,6803,166,,,0,73,,6804,166,,,0,33,,6811,166,,,0,73,,6813,166,,,0,33,,6808,166,,,0,73,,6806,166,,,0,33,,6809,166,,,0,73,,6800,166,,,0,73,,6799,166,,,0,33,,6801,166,,,0,73,,6795,166,,,0,33,,6814,166,,,0,73,,6805,166,,,0,33,,6810,166,,,0,73,,6807,166,,,0,33,,6802,166,,,0,73,,6812,166,,,0,73,,6796,166,,,0
201,'ed28f9c7-46cd-41bf-a6ca-237f78214646',835,,6832,166,,,0,73,,6836,166,,,0,33,,6835,166,,,0,73,,6821,166,,,0,33,,6830,166,,,0,73,,6817,166,,,0,33,,6822,166,,,0,73,,6823,166,,,0,33,,6827,166,,,0,73,,6828,166,,,0,73,,6816,166,,,0,33,,6820,166,,,0,73,,6819,166,,,0,33,,6826,166,,,0,73,,6815,166,,,0,33,,6829,166,,,0,73,,6824,166,,,0,33,,6818,166,,,0,73,,6834,166,,,0,73,,6833,166,,,0
5100,'1fe0d92c-9044-4814-8d20-55198bafd146',700,,7388,9,,,0,40,,7381,9,,,0,80,,7392,9,,,0,80,,7391,9,,,0,40,,7390,9,,,0,80,,7389,9,,,0,80,,7386,9,,,0,45,,7382,9,,,0,85,,7387,9,,,0,85,,7380,9,,,0,85,,7394,9,,,0,45,,7383,9,,,0,85,,7384,9,,,0,85,,7396,9,,,0,85,,7393,9,,,0,40,,7385,9,,,0,80,,7395,9,,,0
5100,'9ecf710c-601d-465c-83ad-25c219925bad',700,,7412,9,,,0,40,,7403,9,,,0,80,,7413,9,,,0,80,,7411,9,,,0,40,,7401,9,,,0,80,,7399,9,,,0,80,,7400,9,,,0,40,,7398,9,,,0,80,,7408,9,,,0,80,,7409,9,,,0,40,,7414,9,,,0,80,,7405,9,,,0,80,,7404,9,,,0,40,,7407,9,,,0,80,,7406,9,,,0,80,,7402,9,,,0,40,,7410,9,,,0,80,,7397,9,,,0
5200,'1fe0d92c-9044-4814-8d20-55198bafd146',640,,7459,15,,,0,80,,7456,15,,,0,80,,7463,15,,,0,40,,7460,15,,,0,80,,7452,15,,,0,80,,7465,15,,,0,40,,7467,15,,,0,80,,7464,15,,,0,80,,7457,15,,,0,40,,7458,15,,,0,80,,7470,15,,,0,80,,7461,15,,,0,40,,7455,15,,,0,80,,7454,15,,,0,80,,7468,15,,,0,40,,7466,15,,,0,80,,7453,15,,,0,80,,7469,15,,,0,35,,7462,15,,,0
5200,'9ecf710c-601d-465c-83ad-25c219925bad',720,,7473,15,,,0,80,,7472,15,,,0,40,,7478,15,,,0,80,,7477,15,,,0,80,,7487,15,,,0,40,,7483,15,,,0,80,,7481,15,,,0,80,,7484,15,,,0,40,,7475,15,,,0,80,,7485,15,,,0,80,,7482,15,,,0,40,,7474,15,,,0,80,,7476,15,,,0,80,,7488,15,,,0,40,,7486,15,,,0,80,,7471,15,,,0,80,,7479,15,,,0,35,,7480,15,,,0
5300,'1fe0d92c-9044-4814-8d20-55198bafd146',600,,7548,12,,,0,30,,7539,12,,,0,70,,7534,12,,,0,30,,7537,12,,,0,70,,7550,12,,,0,30,,7543,12,,,0,70,,7530,12,,,0,30,,7551,12,,,0,70,,7542,12,,,0,30,,7535,12,,,0,70,,7540,12,,,0,30,,7527,12,,,0,70,,7545,12,,,0,30,,7547,12,,,0,70,,7536,12,,,0,30,,7531,12,,,0,70,,7528,12,,,0,35,,7546,12,,,0,75,,7541,12,,,0,35,,7533,12,,,0,75,,7549,12,,,0,35,,7544,12,,,0,75,,7532,12,,,0,75,,7529,12,,,0,30,,7538,13,,,0
5300,'9ecf710c-601d-465c-83ad-25c219925bad',700,,7567,12,,,0,30,,7571,12,,,0,70,,7557,12,,,0,30,,7574,12,,,0,70,,7559,12,,,0,30,,7554,12,,,0,70,,7561,12,,,0,30,,7570,12,,,0,70,,7565,12,,,0,30,,7556,12,,,0,70,,7568,12,,,0,30,,7566,12,,,0,70,,7553,12,,,0,30,,7562,12,,,0,70,,7573,12,,,0,35,,7563,12,,,0,75,,7564,12,,,0,35,,7560,12,,,0,75,,7552,12,,,0,35,,7558,12,,,0,75,,7555,12,,,0,75,,7572,12,,,0,30,,7569,13,,,0
