201,'312abbf0-fdea-4eb9-96c5-7a94145aceb2',707,,5074,52,,,0,33,,5084,52,,,0,73,,5090,52,,,0,33,,5096,52,,,0,73,,5091,52,,,0,33,,5102,52,,,0,73,,5081,52,,,0,33,,5095,52,,,0,73,,5103,52,,,0,73,,5086,52,,,0,33,,5080,52,,,0,75,,5087,52,,,0,35,,5085,52,,,0,75,,5075,52,,,0,35,,5079,52,,,0,75,,5077,52,,,0,75,,5078,52,,,0,35,,5099,52,,,0,75,,5101,52,,,0,33,,5088,52,,,0,73,,5097,52,,,0,33,,5083,52,,,0,73,,5098,52,,,0,73,,5082,52,,,0,33,,5076,52,,,0,73,,5093,52,,,0,33,,5100,52,,,0,70,,5104,52,,,0,30,,5073,52,,,0,70,,5089,52,,,0,25,,5092,52,,,0
201,'66e3ca25-c949-45bf-aa5b-2bde8ae66f69',813,,5110,52,,,0,33,,5123,52,,,0,73,,5109,52,,,0,33,,5116,52,,,0,73,,5120,52,,,0,33,,5122,52,,,0,73,,5121,52,,,0,73,,5114,52,,,0,33,,5115,52,,,0,73,,5105,52,,,0,33,,5107,52,,,0,73,,5111,52,,,0,33,,5124,52,,,0,73,,5119,52,,,0,33,,5118,52,,,0,73,,5108,52,,,0,73,,5113,52,,,0,33,,5112,52,,,0,73,,5117,52,,,0,33,,5106,52,,,0
201,'9ba31bfb-7050-4158-afae-0ffd0d63aa0c',813,,5136,52,,,0,33,,5134,52,,,0,73,,5135,52,,,0,33,,5139,52,,,0,73,,5138,52,,,0,33,,5126,52,,,0,73,,5125,52,,,0,73,,5128,52,,,0,33,,5143,52,,,0,73,,5144,52,,,0,33,,5131,52,,,0,73,,5133,52,,,0,33,,5145,52,,,0,73,,5130,52,,,0,33,,5146,52,,,0,73,,5127,52,,,0,73,,5141,52,,,0,33,,5132,52,,,0,73,,5129,52,,,0,33,,5137,52,,,0
201,'a6a1e58d-53c4-44f8-9966-8649a3a2e257',601,,5156,52,,,0,33,,5169,52,,,0,73,,5158,52,,,0,33,,5164,52,,,0,73,,5147,52,,,0,33,,5173,52,,,0,73,,5171,52,,,0,33,,5160,52,,,0,73,,5177,52,,,0,33,,5172,52,,,0,73,,5162,52,,,0,73,,5153,52,,,0,33,,5181,52,,,0,75,,5165,52,,,0,35,,5150,52,,,0,75,,5166,52,,,0,35,,5178,52,,,0,75,,5155,52,,,0,75,,5154,52,,,0,35,,5148,52,,,0,75,,5152,52,,,0,33,,5179,52,,,0,73,,5168,52,,,0,33,,5159,52,,,0,73,,5157,52,,,0,73,,5161,52,,,0,33,,5175,52,,,0,73,,5170,52,,,0,33,,5180,52,,,0,70,,5149,52,,,0,30,,5163,52,,,0,70,,5176,52,,,0,25,,5151,52,,,0
201,'cdcafeae-7da3-4ec3-beeb-64e1ab4dbc4b',813,,5194,52,,,0,33,,5186,52,,,0,73,,5191,52,,,0,33,,5183,52,,,0,73,,5187,52,,,0,33,,5193,52,,,0,73,,5190,52,,,0,73,,5201,52,,,0,33,,5199,52,,,0,73,,5185,52,,,0,33,,5192,52,,,0,73,,5189,52,,,0,33,,5184,52,,,0,73,,5182,52,,,0,33,,5202,52,,,0,73,,5203,52,,,0,73,,5188,52,,,0,33,,5196,52,,,0,73,,5197,52,,,0,33,,5200,52,,,0
300,'312abbf0-fdea-4eb9-96c5-7a94145aceb2',724,,5217,48,,,0,33,,5229,48,,,0,73,,5227,48,,,0,73,,5215,48,,,0,33,,5209,48,,,0,73,,5216,48,,,0,33,,5222,48,,,0,73,,5230,48,,,0,33,,5220,48,,,0,73,,5212,48,,,0,33,,5208,48,,,0,77,,5226,48,,,0,75,,5204,48,,,0,35,,5223,48,,,0,75,,5224,48,,,0,35,,5231,48,,,0,75,,5210,48,,,0,75,,5232,48,,,0,35,,5211,48,,,0,74,,5205,48,,,0,32,,5207,48,,,0,74,,5219,48,,,0,33,,5233,48,,,0,73,,5221,48,,,0,33,,5234,48,,,0,73,,5206,48,,,0,73,,5213,48,,,0,31,,5218,48,,,0,25,,5214,48,,,0,60,,5225,48,,,0,30,,5228,48,,,0
300,'66e3ca25-c949-45bf-aa5b-2bde8ae66f69',757,,5238,48,,,0,73,,5254,48,,,0,73,,5240,48,,,0,33,,5239,48,,,0,73,,5245,48,,,0,33,,5253,48,,,0,73,,5248,48,,,0,33,,5246,48,,,0,73,,5236,48,,,0,33,,5243,48,,,0,73,,5249,48,,,0,73,,5247,48,,,0,33,,5242,48,,,0,73,,5237,48,,,0,33,,5241,48,,,0,73,,5250,48,,,0,33,,5244,48,,,0,73,,5252,48,,,0,33,,5255,48,,,0,73,,5251,48,,,0,28,,5235,48,,,0
300,'9ba31bfb-7050-4158-afae-0ffd0d63aa0c',757,,5264,48,,,0,73,,5268,48,,,0,73,,5270,48,,,0,33,,5256,48,,,0,73,,5263,48,,,0,33,,5275,48,,,0,73,,5260,48,,,0,33,,5276,48,,,0,73,,5261,48,,,0,33,,5259,48,,,0,73,,5258,48,,,0,73,,5269,48,,,0,33,,5265,48,,,0,73,,5267,48,,,0,33,,5262,48,,,0,73,,5266,48,,,0,33,,5274,48,,,0,73,,5273,48,,,0,33,,5271,48,,,0,73,,5257,48,,,0,28,,5272,48,,,0
300,'a6a1e58d-53c4-44f8-9966-8649a3a2e257',618,,5284,48,,,0,34,,5299,48,,,0,72,,5305,48,,,0,33,,5293,48,,,0,73,,5295,48,,,0,73,,5298,48,,,0,33,,5290,48,,,0,73,,5286,48,,,0,33,,5300,48,,,0,73,,5303,48,,,0,33,,5288,48,,,0,73,,5283,48,,,0,33,,5307,48,,,0,77,,5304,48,,,0,75,,5294,48,,,0,35,,5296,48,,,0,75,,5291,48,,,0,35,,5301,48,,,0,75,,5287,48,,,0,75,,5285,48,,,0,35,,5277,48,,,0,74,,5308,48,,,0,32,,5302,48,,,0,74,,5297,48,,,0,33,,5279,48,,,0,73,,5282,48,,,0,33,,5292,48,,,0,73,,5278,48,,,0,73,,5306,48,,,0,31,,5280,48,,,0,25,,5289,48,,,0,60,,5281,48,,,0,30,,5309,48,,,0
300,'cdcafeae-7da3-4ec3-beeb-64e1ab4dbc4b',757,,5310,48,,,0,73,,5330,48,,,0,73,,5323,48,,,0,33,,5320,48,,,0,73,,5314,48,,,0,33,,5317,48,,,0,73,,5325,48,,,0,33,,5326,48,,,0,73,,5332,48,,,0,33,,5316,48,,,0,73,,5335,48,,,0,73,,5331,48,,,0,33,,5336,48,,,0,73,,5327,48,,,0,33,,5324,48,,,0,73,,5321,48,,,0,33,,5329,48,,,0,73,,5312,48,,,0,33,,5311,48,,,0,73,,5315,48,,,0,28,,5322,48,,,0,70,,5313,48,,,0,33,,5319,48,,,0,73,,5328,48,,,0,73,,5318,48,,,0,33,,5334,48,,,0,73,,5333,48,,,0
