100,'1fe0d92c-9044-4814-8d20-55198bafd146',632,,6309,164,,,0,68,,6302,164,,,0,29,,6334,164,,,0,73,,6324,164,,,0,33,,6327,164,,,0,73,,6314,164,,,0,33,,6303,164,,,0,73,,6329,164,,,0,33,,6307,164,,,0,73,,6335,164,,,0,33,,6312,164,,,0,73,,6315,164,,,0,33,,6333,164,,,0,73,,6311,164,,,0,78,,6328,164,,,0,35,,6320,164,,,0,75,,6308,164,,,0,35,,6323,164,,,0,75,,6313,164,,,0,75,,6301,164,,,0,35,,6325,164,,,0,75,,6321,164,,,0,30,,6330,164,,,0,73,,6331,164,,,0,33,,6318,164,,,0,73,,6306,164,,,0,33,,6319,164,,,0,73,,6316,164,,,0,73,,6305,164,,,0,33,,6332,164,,,0,70,,6322,164,,,0,15,,6304,164,,,0,30,,6310,173,,,0
100,'9ecf710c-601d-465c-83ad-25c219925bad',726,,6349,164,,,0,76,,6345,164,,,0,33,,6348,164,,,0,73,,6340,164,,,0,33,,6363,164,,,0,73,,6358,164,,,0,33,,6341,164,,,0,73,,6336,164,,,0,33,,6351,164,,,0,73,,6362,164,,,0,33,,6368,164,,,0,73,,6355,164,,,0,78,,6357,164,,,0,35,,6367,164,,,0,75,,6347,164,,,0,35,,6338,164,,,0,75,,6353,164,,,0,75,,6344,164,,,0,35,,6346,164,,,0,75,,6350,164,,,0,30,,6352,164,,,0,73,,6356,164,,,0,33,,6366,164,,,0,73,,6343,164,,,0,33,,6361,164,,,0,73,,6342,164,,,0,73,,6364,164,,,0,33,,6360,164,,,0,70,,6339,164,,,0,15,,6337,164,,,0,30,,6365,173,,,0
100,'bcaf19fe-11ef-4115-afbb-ac9c5f562f28',835,,6383,164,,,0,73,,6384,164,,,0,33,,6369,164,,,0,73,,6382,164,,,0,33,,6388,164,,,0,73,,6371,164,,,0,33,,6387,164,,,0,73,,6377,164,,,0,33,,6380,164,,,0,73,,6374,164,,,0,73,,6372,164,,,0,33,,6385,164,,,0,73,,6373,164,,,0,33,,6370,164,,,0,73,,6376,164,,,0,33,,6391,164,,,0,73,,6378,164,,,0,33,,6389,164,,,0,73,,6375,164,,,0,73,,6379,173,,,0
100,'bf660328-88ad-42b5-9a19-68afdd8f4a47',835,,6399,164,,,0,73,,6401,164,,,0,33,,6406,164,,,0,73,,6393,164,,,0,33,,6396,164,,,0,73,,6410,164,,,0,33,,6395,164,,,0,73,,6405,164,,,0,33,,6411,164,,,0,73,,6403,164,,,0,73,,6404,164,,,0,33,,6392,164,,,0,73,,6397,164,,,0,33,,6398,164,,,0,73,,6412,164,,,0,33,,6409,164,,,0,73,,6402,164,,,0,33,,6400,164,,,0,73,,6407,164,,,0,73,,6408,173,,,0
100,'ed28f9c7-46cd-41bf-a6ca-237f78214646',835,,6430,164,,,0,73,,6419,164,,,0,33,,6414,164,,,0,73,,6433,164,,,0,33,,6425,164,,,0,73,,6418,164,,,0,33,,6423,164,,,0,73,,6421,164,,,0,33,,6429,164,,,0,73,,6428,164,,,0,73,,6424,164,,,0,33,,6422,164,,,0,73,,6426,164,,,0,33,,6417,164,,,0,73,,6432,164,,,0,33,,6413,164,,,0,73,,6434,164,,,0,33,,6427,164,,,0,73,,6435,164,,,0,73,,6420,173,,,0
301,'1fe0d92c-9044-4814-8d20-55198bafd146',630,,6988,59,,,0,72,,6998,59,,,0,33,,6994,59,,,0,73,,6999,59,,,0,33,,6975,59,,,0,73,,6985,59,,,0,33,,6971,59,,,0,73,,6989,59,,,0,33,,6978,59,,,0,73,,6993,59,,,0,33,,6981,59,,,0,73,,6973,59,,,0,76,,6979,59,,,0,35,,6987,59,,,0,75,,6983,59,,,0,35,,6995,59,,,0,75,,6982,59,,,0,75,,6974,59,,,0,35,,6992,59,,,0,75,,6984,59,,,0,35,,6997,59,,,0,72,,7000,59,,,0,34,,6980,59,,,0,73,,7002,59,,,0,73,,6976,59,,,0,33,,6972,59,,,0,73,,6970,59,,,0,33,,6990,59,,,0,73,,6986,59,,,0,32,,6996,59,,,0,60,,6991,59,,,0,30,,6977,59,,,0,25,,7001,59,,,0
301,'9ecf710c-601d-465c-83ad-25c219925bad',735,,7024,59,,,0,73,,7032,59,,,0,33,,7022,59,,,0,73,,7004,59,,,0,33,,7020,59,,,0,73,,7021,59,,,0,33,,7030,59,,,0,73,,7014,59,,,0,33,,7003,59,,,0,73,,7033,59,,,0,76,,7031,59,,,0,35,,7019,59,,,0,75,,7015,59,,,0,35,,7009,59,,,0,75,,7006,59,,,0,75,,7026,59,,,0,35,,7025,59,,,0,75,,7013,59,,,0,35,,7005,59,,,0,72,,7012,59,,,0,34,,7016,59,,,0,73,,7029,59,,,0,73,,7008,59,,,0,33,,7011,59,,,0,73,,7007,59,,,0,33,,7028,59,,,0,73,,7010,59,,,0,32,,7027,59,,,0,60,,7018,59,,,0,30,,7017,59,,,0,25,,7023,59,,,0
301,'bcaf19fe-11ef-4115-afbb-ac9c5f562f28',808,,7046,59,,,0,33,,7049,59,,,0,73,,7059,59,,,0,33,,7041,59,,,0,73,,7055,59,,,0,33,,7034,59,,,0,73,,7048,59,,,0,33,,7052,59,,,0,73,,7038,59,,,0,73,,7037,59,,,0,33,,7035,59,,,0,73,,7047,59,,,0,33,,7053,59,,,0,73,,7044,59,,,0,33,,7051,59,,,0,73,,7045,59,,,0,33,,7056,59,,,0,73,,7061,59,,,0,73,,7054,59,,,0,33,,7060,59,,,0,65,,7058,59,,,0,33,,7043,59,,,0,73,,7039,59,,,0,33,,7050,59,,,0,73,,7040,59,,,0,33,,7057,59,,,0
301,'bf660328-88ad-42b5-9a19-68afdd8f4a47',808,,7062,59,,,0,33,,7069,59,,,0,73,,7082,59,,,0,33,,7066,59,,,0,73,,7067,59,,,0,33,,7068,59,,,0,73,,7078,59,,,0,33,,7080,59,,,0,73,,7079,59,,,0,73,,7073,59,,,0,33,,7076,59,,,0,73,,7071,59,,,0,33,,7063,59,,,0,73,,7074,59,,,0,33,,7064,59,,,0,73,,7070,59,,,0,33,,7075,59,,,0,73,,7077,59,,,0,73,,7072,59,,,0,33,,7081,59,,,0,65,,7065,59,,,0
301,'ed28f9c7-46cd-41bf-a6ca-237f78214646',808,,7098,59,,,0,33,,7092,59,,,0,73,,7093,59,,,0,33,,7087,59,,,0,73,,7102,59,,,0,33,,7101,59,,,0,73,,7085,59,,,0,33,,7100,59,,,0,73,,7086,59,,,0,73,,7094,59,,,0,33,,7083,59,,,0,73,,7103,59,,,0,33,,7099,59,,,0,73,,7090,59,,,0,33,,7095,59,,,0,73,,7089,59,,,0,33,,7097,59,,,0,73,,7088,59,,,0,73,,7096,59,,,0,33,,7091,59,,,0,65,,7084,59,,,0
3006001,'1fe0d92c-9044-4814-8d20-55198bafd146',1934,,7867,93,,,0,85,,7864,93,,,0,85,,7868,93,,,0,45,,7865,93,,,0,85,,7869,93,,,0,85,,7866,93,,,0
3006001,'9ecf710c-601d-465c-83ad-25c219925bad',734,,7883,93,,,0,85,,7871,93,,,0,85,,7890,93,,,0,45,,7885,93,,,0,85,,7887,93,,,0,85,,7879,93,,,0,85,,7882,93,,,0,45,,7886,93,,,0,85,,7875,93,,,0,85,,7881,93,,,0,85,,7876,93,,,0,45,,7880,93,,,0,85,,7874,93,,,0,85,,7891,93,,,0,85,,7877,93,,,0,45,,7888,93,,,0,85,,7872,93,,,0,85,,7873,93,,,0,85,,7889,93,,,0,45,,7884,93,,,0,85,,7870,93,,,0,85,,7878,93,,,0
3006001,'bcaf19fe-11ef-4115-afbb-ac9c5f562f28',834,,7896,93,,,0,85,,7903,93,,,0,85,,7900,93,,,0,45,,7905,93,,,0,85,,7894,93,,,0,85,,7902,93,,,0,85,,7893,93,,,0,45,,7897,93,,,0,85,,7892,93,,,0,85,,7895,93,,,0,85,,7901,93,,,0,45,,7899,93,,,0,85,,7898,93,,,0,85,,7904,93,,,0
3006001,'bf660328-88ad-42b5-9a19-68afdd8f4a47',834,,7917,93,,,0,85,,7916,93,,,0,85,,7911,93,,,0,45,,7906,93,,,0,85,,7909,93,,,0,85,,7913,93,,,0,85,,7908,93,,,0,45,,7915,93,,,0,85,,7919,93,,,0,85,,7907,93,,,0,85,,7910,93,,,0,45,,7912,93,,,0,85,,7918,93,,,0,85,,7914,93,,,0
3006001,'ed28f9c7-46cd-41bf-a6ca-237f78214646',834,,7925,93,,,0,85,,7933,93,,,0,85,,7923,93,,,0,45,,7921,93,,,0,85,,7929,93,,,0,85,,7926,93,,,0,85,,7927,93,,,0,45,,7931,93,,,0,85,,7930,93,,,0,85,,7928,93,,,0,85,,7922,93,,,0,45,,7920,93,,,0,85,,7924,93,,,0,85,,7932,93,,,0
