100,'1fe0d92c-9044-4814-8d20-55198bafd146',637,,6309,175,4,,0,68,,6302,175,4,,0,29,,6334,175,4,,0,73,,6324,175,4,,0,33,,6327,175,4,,0,73,,6314,175,4,,0,33,,6303,175,4,,0,73,,6329,175,4,,0,33,,6307,175,4,,0,73,,6335,175,4,,0,33,,6312,175,4,,0,73,,6315,175,4,,0,73,,6333,175,4,,0,33,,6311,175,4,,0,78,,6328,175,4,,0,35,,6320,175,4,,0,75,,6308,175,4,,0,75,,6323,175,4,,0,35,,6313,175,4,,0,75,,6301,175,4,,0,35,,6325,175,4,,0,75,,6321,175,4,,0,30,,6330,175,4,,0,73,,6331,175,4,,0,33,,6318,175,4,,0,73,,6306,175,4,,0,73,,6319,175,4,,0,33,,6316,175,4,,0,73,,6305,175,4,,0,33,,6332,175,4,,0,70,,6322,175,4,,0,14,,6304,175,4,,0,30,,6310,184,4,,0
100,'9ecf710c-601d-465c-83ad-25c219925bad',731,,6349,175,4,,0,76,,6345,175,4,,0,33,,6348,175,4,,0,73,,6340,175,4,,0,33,,6363,175,4,,0,73,,6358,175,4,,0,33,,6341,175,4,,0,73,,6336,175,4,,0,33,,6351,175,4,,0,73,,6362,175,4,,0,73,,6368,175,4,,0,33,,6355,175,4,,0,78,,6357,175,4,,0,35,,6367,175,4,,0,75,,6347,175,4,,0,75,,6338,175,4,,0,35,,6353,175,4,,0,75,,6344,175,4,,0,35,,6346,175,4,,0,75,,6350,175,4,,0,30,,6352,175,4,,0,73,,6356,175,4,,0,33,,6366,175,4,,0,73,,6343,175,4,,0,73,,6361,175,4,,0,33,,6342,175,4,,0,73,,6364,175,4,,0,33,,6360,175,4,,0,70,,6339,175,4,,0,14,,6337,175,4,,0,30,,6365,184,4,,0
100,'bcaf19fe-11ef-4115-afbb-ac9c5f562f28',840,,6383,175,4,,0,73,,6384,175,4,,0,33,,6369,175,4,,0,73,,6382,175,4,,0,33,,6388,175,4,,0,73,,6371,175,4,,0,33,,6387,175,4,,0,73,,6377,175,4,,0,73,,6380,175,4,,0,33,,6374,175,4,,0,73,,6372,175,4,,0,33,,6385,175,4,,0,73,,6373,175,4,,0,33,,6370,175,4,,0,73,,6376,175,4,,0,33,,6391,175,4,,0,73,,6378,175,4,,0,73,,6389,175,4,,0,33,,6375,175,4,,0,73,,6379,184,4,,0
100,'bf660328-88ad-42b5-9a19-68afdd8f4a47',840,,6399,175,4,,0,73,,6401,175,4,,0,33,,6406,175,4,,0,73,,6393,175,4,,0,33,,6396,175,4,,0,73,,6410,175,4,,0,33,,6395,175,4,,0,73,,6405,175,4,,0,73,,6411,175,4,,0,33,,6403,175,4,,0,73,,6404,175,4,,0,33,,6392,175,4,,0,73,,6397,175,4,,0,33,,6398,175,4,,0,73,,6412,175,4,,0,33,,6409,175,4,,0,73,,6402,175,4,,0,73,,6400,175,4,,0,33,,6407,175,4,,0,73,,6408,184,4,,0
100,'ed28f9c7-46cd-41bf-a6ca-237f78214646',840,,6430,175,4,,0,73,,6419,175,4,,0,33,,6414,175,4,,0,73,,6433,175,4,,0,33,,6425,175,4,,0,73,,6418,175,4,,0,33,,6423,175,4,,0,73,,6421,175,4,,0,73,,6429,175,4,,0,33,,6428,175,4,,0,73,,6424,175,4,,0,33,,6422,175,4,,0,73,,6426,175,4,,0,33,,6417,175,4,,0,73,,6432,175,4,,0,33,,6413,175,4,,0,73,,6434,175,4,,0,73,,6427,175,4,,0,33,,6435,175,4,,0,73,,6420,184,4,,0
101,'1fe0d92c-9044-4814-8d20-55198bafd146',605,,6462,0,,,0,36,,6464,0,,,0,73,,6440,0,,,0,33,,6437,0,,,0,73,,6450,0,,,0,33,,6456,0,,,0,73,,6448,0,,,0,33,,6443,0,,,0,73,,6457,0,,,0,73,,6439,0,,,0,33,,6447,0,,,0,73,,6466,0,,,0,33,,6452,0,,,0,75,,6451,0,,,0,35,,6442,0,,,0,75,,6438,0,,,0,75,,6453,0,,,0,35,,6436,0,,,0,75,,6458,0,,,0,35,,6454,0,,,0,75,,6463,0,,,0,33,,6465,0,,,0,73,,6441,0,,,0,73,,6461,0,,,0,33,,6460,0,,,0,73,,6445,0,,,0,33,,6444,0,,,0,73,,6459,0,,,0,30,,6446,0,,,0,70,,6455,0,,,0,30,,6470,0,,,0,70,,6468,0,,,0,10,,6449,0,,,0
101,'9ecf710c-601d-465c-83ad-25c219925bad',714,,6482,0,,,0,33,,6490,0,,,0,73,,6504,0,,,0,33,,6473,0,,,0,73,,6496,0,,,0,33,,6481,0,,,0,73,,6502,0,,,0,73,,6476,0,,,0,33,,6499,0,,,0,73,,6495,0,,,0,33,,6477,0,,,0,75,,6498,0,,,0,35,,6484,0,,,0,75,,6483,0,,,0,75,,6503,0,,,0,35,,6487,0,,,0,75,,6475,0,,,0,35,,6494,0,,,0,75,,6501,0,,,0,33,,6480,0,,,0,73,,6500,0,,,0,73,,6497,0,,,0,33,,6493,0,,,0,73,,6492,0,,,0,33,,6489,0,,,0,73,,6486,0,,,0,30,,6472,0,,,0,70,,6474,0,,,0,30,,6485,0,,,0,70,,6491,0,,,0,10,,6478,0,,,0
101,'bcaf19fe-11ef-4115-afbb-ac9c5f562f28',747,,6516,0,,,0,73,,6518,0,,,0,33,,6522,0,,,0,73,,6507,0,,,0,33,,6506,0,,,0,73,,6511,0,,,0,73,,6509,0,,,0,33,,6505,0,,,0,73,,6526,0,,,0,33,,6510,0,,,0,73,,6514,0,,,0,33,,6515,0,,,0,73,,6508,0,,,0,33,,6525,0,,,0,73,,6513,0,,,0,73,,6520,0,,,0,33,,6523,0,,,0,73,,6519,0,,,0,33,,6517,0,,,0,73,,6524,0,,,0,33,,6512,0,,,0
101,'bf660328-88ad-42b5-9a19-68afdd8f4a47',747,,6548,0,,,0,73,,6527,0,,,0,33,,6537,0,,,0,73,,6534,0,,,0,33,,6547,0,,,0,73,,6539,0,,,0,73,,6541,0,,,0,33,,6535,0,,,0,73,,6542,0,,,0,33,,6545,0,,,0,73,,6544,0,,,0,33,,6533,0,,,0,73,,6531,0,,,0,33,,6530,0,,,0,73,,6529,0,,,0,73,,6546,0,,,0,33,,6532,0,,,0,73,,6536,0,,,0,33,,6543,0,,,0,73,,6540,0,,,0,33,,6528,0,,,0
101,'ed28f9c7-46cd-41bf-a6ca-237f78214646',747,,6565,0,,,0,73,,6567,0,,,0,33,,6569,0,,,0,73,,6550,0,,,0,33,,6557,0,,,0,73,,6563,0,,,0,73,,6564,0,,,0,33,,6556,0,,,0,73,,6561,0,,,0,33,,6554,0,,,0,73,,6566,0,,,0,33,,6553,0,,,0,73,,6558,0,,,0,33,,6562,0,,,0,73,,6549,0,,,0,73,,6555,0,,,0,33,,6560,0,,,0,73,,6559,0,,,0,33,,6568,0,,,0,73,,6551,0,,,0,33,,6570,0,,,0
300,'1fe0d92c-9044-4814-8d20-55198bafd146',606,,6857,0,,,0,34,,6862,0,,,0,72,,6846,0,,,0,33,,6855,0,,,0,73,,6856,0,,,0,33,,6865,0,,,0,73,,6853,0,,,0,33,,6864,0,,,0,73,,6847,0,,,0,73,,6837,0,,,0,33,,6841,0,,,0,73,,6844,0,,,0,33,,6860,0,,,0,76,,6866,0,,,0,35,,6851,0,,,0,75,,6850,0,,,0,75,,6849,0,,,0,35,,6843,0,,,0,75,,6863,0,,,0,35,,6839,0,,,0,75,,6854,0,,,0,35,,6838,0,,,0,72,,6840,0,,,0,74,,6861,0,,,0,33,,6848,0,,,0,73,,6867,0,,,0,33,,6869,0,,,0,73,,6868,0,,,0,33,,6858,0,,,0,73,,6859,0,,,0,25,,6852,0,,,0,60,,6845,0,,,0,30,,6842,0,,,0
300,'9ecf710c-601d-465c-83ad-25c219925bad',712,,6890,0,,,0,33,,6871,0,,,0,73,,6897,0,,,0,33,,6888,0,,,0,73,,6876,0,,,0,33,,6880,0,,,0,73,,6900,0,,,0,73,,6895,0,,,0,33,,6894,0,,,0,73,,6896,0,,,0,33,,6898,0,,,0,76,,6887,0,,,0,35,,6877,0,,,0,75,,6873,0,,,0,75,,6892,0,,,0,35,,6878,0,,,0,75,,6879,0,,,0,35,,6875,0,,,0,75,,6881,0,,,0,35,,6889,0,,,0,72,,6885,0,,,0,74,,6884,0,,,0,33,,6893,0,,,0,73,,6883,0,,,0,33,,6872,0,,,0,73,,6886,0,,,0,33,,6882,0,,,0,73,,6870,0,,,0,25,,6899,0,,,0,60,,6874,0,,,0,30,,6891,0,,,0
300,'bcaf19fe-11ef-4115-afbb-ac9c5f562f28',745,,6902,0,,,0,73,,6922,0,,,0,33,,6927,0,,,0,73,,6904,0,,,0,33,,6910,0,,,0,73,,6925,0,,,0,73,,6914,0,,,0,33,,6908,0,,,0,73,,6923,0,,,0,33,,6919,0,,,0,73,,6916,0,,,0,33,,6917,0,,,0,73,,6909,0,,,0,33,,6924,0,,,0,73,,6905,0,,,0,73,,6926,0,,,0,33,,6903,0,,,0,73,,6907,0,,,0,33,,6906,0,,,0,73,,6911,0,,,0,28,,6918,0,,,0,70,,6901,0,,,0,33,,6913,0,,,0,73,,6921,0,,,0,33,,6920,0,,,0,73,,6915,0,,,0,33,,6912,0,,,0
300,'bf660328-88ad-42b5-9a19-68afdd8f4a47',745,,6942,0,,,0,73,,6946,0,,,0,33,,6941,0,,,0,73,,6928,0,,,0,33,,6943,0,,,0,73,,6937,0,,,0,73,,6935,0,,,0,33,,6932,0,,,0,73,,6945,0,,,0,33,,6934,0,,,0,73,,6940,0,,,0,33,,6929,0,,,0,73,,6939,0,,,0,33,,6936,0,,,0,73,,6930,0,,,0,73,,6947,0,,,0,33,,6933,0,,,0,73,,6944,0,,,0,33,,6948,0,,,0,73,,6938,0,,,0,28,,6931,0,,,0
300,'ed28f9c7-46cd-41bf-a6ca-237f78214646',745,,6966,0,,,0,73,,6964,0,,,0,33,,6954,0,,,0,73,,6960,0,,,0,33,,6958,0,,,0,73,,6956,0,,,0,73,,6952,0,,,0,33,,6949,0,,,0,73,,6953,0,,,0,33,,6951,0,,,0,73,,6961,0,,,0,33,,6955,0,,,0,73,,6965,0,,,0,33,,6963,0,,,0,73,,6950,0,,,0,73,,6962,0,,,0,33,,6959,0,,,0,73,,6969,0,,,0,33,,6967,0,,,0,73,,6957,0,,,0,28,,6968,0,,,0
301,'1fe0d92c-9044-4814-8d20-55198bafd146',634,,6988,68,4,,0,72,,6998,68,4,,0,33,,6994,68,4,,0,73,,6999,68,4,,0,33,,6975,68,4,,0,73,,6985,68,4,,0,33,,6971,68,4,,0,73,,6989,68,4,,0,33,,6978,68,4,,0,73,,6993,68,4,,0,73,,6981,68,4,,0,33,,6973,68,4,,0,76,,6979,68,4,,0,35,,6987,68,4,,0,75,,6983,68,4,,0,35,,6995,68,4,,0,75,,6982,68,4,,0,75,,6974,68,4,,0,35,,6992,68,4,,0,75,,6984,68,4,,0,35,,6997,68,4,,0,72,,7000,68,4,,0,34,,6980,68,4,,0,73,,7002,68,4,,0,73,,6976,68,4,,0,33,,6972,68,4,,0,73,,6970,68,4,,0,33,,6990,68,4,,0,73,,6986,68,4,,0,31,,6996,68,4,,0,60,,6991,68,4,,0,30,,6977,68,4,,0,65,,7001,68,4,,0
301,'9ecf710c-601d-465c-83ad-25c219925bad',739,,7024,68,4,,0,73,,7032,68,4,,0,33,,7022,68,4,,0,73,,7004,68,4,,0,33,,7020,68,4,,0,73,,7021,68,4,,0,33,,7030,68,4,,0,73,,7014,68,4,,0,73,,7003,68,4,,0,33,,7033,68,4,,0,76,,7031,68,4,,0,35,,7019,68,4,,0,75,,7015,68,4,,0,35,,7009,68,4,,0,75,,7006,68,4,,0,75,,7026,68,4,,0,35,,7025,68,4,,0,75,,7013,68,4,,0,35,,7005,68,4,,0,72,,7012,68,4,,0,34,,7016,68,4,,0,73,,7029,68,4,,0,73,,7008,68,4,,0,33,,7011,68,4,,0,73,,7007,68,4,,0,33,,7028,68,4,,0,73,,7010,68,4,,0,31,,7027,68,4,,0,60,,7018,68,4,,0,30,,7017,68,4,,0,65,,7023,68,4,,0
301,'bcaf19fe-11ef-4115-afbb-ac9c5f562f28',812,,7046,68,4,,0,33,,7049,68,4,,0,73,,7059,68,4,,0,33,,7041,68,4,,0,73,,7055,68,4,,0,33,,7034,68,4,,0,73,,7048,68,4,,0,73,,7052,68,4,,0,33,,7038,68,4,,0,73,,7037,68,4,,0,33,,7035,68,4,,0,73,,7047,68,4,,0,33,,7053,68,4,,0,73,,7044,68,4,,0,33,,7051,68,4,,0,73,,7045,68,4,,0,73,,7056,68,4,,0,33,,7061,68,4,,0,73,,7054,68,4,,0,33,,7060,68,4,,0,65,,7058,68,4,,0,33,,7043,68,4,,0,73,,7039,68,4,,0,33,,7050,68,4,,0,73,,7040,68,4,,0,33,,7057,68,4,,0
301,'bf660328-88ad-42b5-9a19-68afdd8f4a47',812,,7062,68,4,,0,33,,7069,68,4,,0,73,,7082,68,4,,0,33,,7066,68,4,,0,73,,7067,68,4,,0,33,,7068,68,4,,0,73,,7078,68,4,,0,73,,7080,68,4,,0,33,,7079,68,4,,0,73,,7073,68,4,,0,33,,7076,68,4,,0,73,,7071,68,4,,0,33,,7063,68,4,,0,73,,7074,68,4,,0,33,,7064,68,4,,0,73,,7070,68,4,,0,73,,7075,68,4,,0,33,,7077,68,4,,0,73,,7072,68,4,,0,33,,7081,68,4,,0,65,,7065,68,4,,0
301,'ed28f9c7-46cd-41bf-a6ca-237f78214646',812,,7098,68,4,,0,33,,7092,68,4,,0,73,,7093,68,4,,0,33,,7087,68,4,,0,73,,7102,68,4,,0,33,,7101,68,4,,0,73,,7085,68,4,,0,73,,7100,68,4,,0,33,,7086,68,4,,0,73,,7094,68,4,,0,33,,7083,68,4,,0,73,,7103,68,4,,0,33,,7099,68,4,,0,73,,7090,68,4,,0,33,,7095,68,4,,0,73,,7089,68,4,,0,73,,7097,68,4,,0,33,,7088,68,4,,0,73,,7096,68,4,,0,33,,7091,68,4,,0,65,,7084,68,4,,0
1006000,'1fe0d92c-9044-4814-8d20-55198bafd146',644,,7681,0,,,0,96,,7669,0,,,0,100,,7677,0,,,0,105,,7671,0,,,0,100,,7676,0,,,0,100,,7673,0,,,0,100,,7672,0,,,0,100,,7680,0,,,0,100,,7679,0,,,0,105,,7674,0,,,0,100,,7678,0,,,0,100,,7675,0,,,0,100,,7670,0,,,0
1006001,'1fe0d92c-9044-4814-8d20-55198bafd146',620,,7685,191,4,,0,90,,7693,191,4,,0,100,,7690,191,4,,0,105,,7691,191,4,,0,100,,7694,191,4,,0,100,,7683,191,4,,0,100,,7684,191,4,,0,100,,7686,191,4,,0,100,,7692,191,4,,0,105,,7689,191,4,,0,100,,7687,191,4,,0,100,,7688,191,4,,0,100,,7682,191,4,,0
1006100,'1fe0d92c-9044-4814-8d20-55198bafd146',645,,7708,0,,,0,80,,7700,0,,,0,85,,7711,0,,,0,45,,7706,0,,,0,85,,7695,0,,,0,85,,7697,0,,,0,85,,7699,0,,,0,45,,7705,0,,,0,85,,7707,0,,,0,85,,7696,0,,,0,85,,7709,0,,,0,45,,7710,0,,,0,85,,7701,0,,,0,85,,7702,0,,,0,85,,7703,0,,,0,45,,7704,0,,,0,85,,7698,0,,,0
1006101,'1fe0d92c-9044-4814-8d20-55198bafd146',622,,7720,50,4,,0,80,,7716,50,4,,0,45,,7726,50,4,,0,85,,7722,50,4,,0,85,,7728,50,4,,0,85,,7712,50,4,,0,45,,7723,50,4,,0,85,,7718,50,4,,0,85,,7727,50,4,,0,85,,7729,50,4,,0,45,,7717,50,4,,0,85,,7724,50,4,,0,85,,7719,50,4,,0,85,,7714,50,4,,0,45,,7713,50,4,,0,85,,7721,50,4,,0,85,,7715,50,4,,0,85,,7725,50,4,,0
2006000,'1fe0d92c-9044-4814-8d20-55198bafd146',621,,7739,0,,,0,93,,7732,0,,,0,100,,7735,0,,,0,105,,7741,0,,,0,100,,7730,0,,,0,100,,7740,0,,,0,100,,7736,0,,,0,100,,7738,0,,,0,100,,7742,0,,,0,105,,7734,0,,,0,100,,7731,0,,,0,100,,7733,0,,,0,100,,7737,0,,,0
2006001,'1fe0d92c-9044-4814-8d20-55198bafd146',643,,7754,93,4,,0,94,,7752,93,4,,0,100,,7751,93,4,,0,105,,7748,93,4,,0,100,,7743,93,4,,0,100,,7755,93,4,,0,100,,7744,93,4,,0,100,,7747,93,4,,0,100,,7753,93,4,,0,105,,7750,93,4,,0,100,,7745,93,4,,0,100,,7746,93,4,,0,100,,7749,93,4,,0
2006100,'1fe0d92c-9044-4814-8d20-55198bafd146',625,,7769,0,,,0,80,,7765,0,,,0,45,,7764,0,,,0,85,,7758,0,,,0,85,,7760,0,,,0,85,,7768,0,,,0,45,,7759,0,,,0,85,,7763,0,,,0,85,,7770,0,,,0,85,,7772,0,,,0,45,,7757,0,,,0,85,,7771,0,,,0,85,,7762,0,,,0,85,,7761,0,,,0,45,,7756,0,,,0,85,,7766,0,,,0,85,,7767,0,,,0
2006101,'1fe0d92c-9044-4814-8d20-55198bafd146',643,,7781,82,4,,0,80,,7779,82,4,,0,85,,7783,82,4,,0,45,,7780,82,4,,0,85,,7778,82,4,,0,85,,7776,82,4,,0,85,,7785,82,4,,0,45,,7786,82,4,,0,85,,7787,82,4,,0,85,,7788,82,4,,0,85,,7774,82,4,,0,45,,7789,82,4,,0,85,,7782,82,4,,0,85,,7773,82,4,,0,85,,7777,82,4,,0,45,,7784,82,4,,0,85,,7775,82,4,,0
3006000,'1fe0d92c-9044-4814-8d20-55198bafd146',1941,,7795,0,,,0,85,,7792,0,,,0,85,,7791,0,,,0,45,,7794,0,,,0,85,,7790,0,,,0,85,,7793,0,,,0
3006000,'9ecf710c-601d-465c-83ad-25c219925bad',700,,7807,0,,,0,41,,7813,0,,,0,85,,7808,0,,,0,85,,7816,0,,,0,45,,7803,0,,,0,85,,7812,0,,,0,85,,7800,0,,,0,85,,7815,0,,,0,45,,7798,0,,,0,85,,7801,0,,,0,85,,7802,0,,,0,85,,7806,0,,,0,45,,7809,0,,,0,85,,7814,0,,,0,85,,7804,0,,,0,85,,7810,0,,,0,45,,7818,0,,,0,85,,7799,0,,,0,85,,7797,0,,,0,85,,7811,0,,,0,45,,7805,0,,,0,85,,7817,0,,,0,85,,7796,0,,,0
3006000,'bcaf19fe-11ef-4115-afbb-ac9c5f562f28',800,,7823,0,,,0,41,,7833,0,,,0,85,,7828,0,,,0,85,,7830,0,,,0,45,,7831,0,,,0,85,,7825,0,,,0,85,,7827,0,,,0,85,,7832,0,,,0,45,,7824,0,,,0,85,,7826,0,,,0,85,,7822,0,,,0,85,,7819,0,,,0,45,,7820,0,,,0,85,,7829,0,,,0,85,,7821,0,,,0
3006000,'bf660328-88ad-42b5-9a19-68afdd8f4a47',800,,7847,0,,,0,41,,7835,0,,,0,85,,7844,0,,,0,85,,7836,0,,,0,45,,7842,0,,,0,85,,7837,0,,,0,85,,7848,0,,,0,85,,7839,0,,,0,45,,7834,0,,,0,85,,7843,0,,,0,85,,7840,0,,,0,85,,7838,0,,,0,45,,7846,0,,,0,85,,7845,0,,,0,85,,7841,0,,,0
3006000,'ed28f9c7-46cd-41bf-a6ca-237f78214646',800,,7862,0,,,0,41,,7850,0,,,0,85,,7853,0,,,0,85,,7854,0,,,0,45,,7861,0,,,0,85,,7860,0,,,0,85,,7852,0,,,0,85,,7859,0,,,0,45,,7858,0,,,0,85,,7855,0,,,0,85,,7849,0,,,0,85,,7857,0,,,0,45,,7856,0,,,0,85,,7863,0,,,0,85,,7851,0,,,0
3006001,'1fe0d92c-9044-4814-8d20-55198bafd146',1939,,7867,100,4,,0,85,,7864,100,4,,0,85,,7868,100,4,,0,45,,7865,100,4,,0,85,,7869,100,4,,0,85,,7866,100,4,,0
3006001,'9ecf710c-601d-465c-83ad-25c219925bad',739,,7883,100,4,,0,85,,7871,100,4,,0,85,,7890,100,4,,0,45,,7885,100,4,,0,85,,7887,100,4,,0,85,,7879,100,4,,0,85,,7882,100,4,,0,45,,7886,100,4,,0,85,,7875,100,4,,0,85,,7881,100,4,,0,85,,7876,100,4,,0,45,,7880,100,4,,0,85,,7874,100,4,,0,85,,7891,100,4,,0,85,,7877,100,4,,0,45,,7888,100,4,,0,85,,7872,100,4,,0,85,,7873,100,4,,0,85,,7889,100,4,,0,45,,7884,100,4,,0,85,,7870,100,4,,0,85,,7878,100,4,,0
3006001,'bcaf19fe-11ef-4115-afbb-ac9c5f562f28',839,,7896,100,4,,0,85,,7903,100,4,,0,85,,7900,100,4,,0,45,,7905,100,4,,0,85,,7894,100,4,,0,85,,7902,100,4,,0,85,,7893,100,4,,0,45,,7897,100,4,,0,85,,7892,100,4,,0,85,,7895,100,4,,0,85,,7901,100,4,,0,45,,7899,100,4,,0,85,,7898,100,4,,0,85,,7904,100,4,,0
3006001,'bf660328-88ad-42b5-9a19-68afdd8f4a47',839,,7917,100,4,,0,85,,7916,100,4,,0,85,,7911,100,4,,0,45,,7906,100,4,,0,85,,7909,100,4,,0,85,,7913,100,4,,0,85,,7908,100,4,,0,45,,7915,100,4,,0,85,,7919,100,4,,0,85,,7907,100,4,,0,85,,7910,100,4,,0,45,,7912,100,4,,0,85,,7918,100,4,,0,85,,7914,100,4,,0
3006001,'ed28f9c7-46cd-41bf-a6ca-237f78214646',839,,7925,100,4,,0,85,,7933,100,4,,0,85,,7923,100,4,,0,45,,7921,100,4,,0,85,,7929,100,4,,0,85,,7926,100,4,,0,85,,7927,100,4,,0,45,,7931,100,4,,0,85,,7930,100,4,,0,85,,7928,100,4,,0,85,,7922,100,4,,0,45,,7920,100,4,,0,85,,7924,100,4,,0,85,,7932,100,4,,0
