101,'1fe0d92c-9044-4814-8d20-55198bafd146',608,,6462,7,,,0,36,,6464,7,,,0,73,,6440,7,,,0,33,,6437,7,,,0,73,,6450,7,,,0,33,,6456,7,,,0,73,,6448,7,,,0,73,,6443,7,,,0,33,,6457,7,,,0,73,,6439,7,,,0,33,,6447,7,,,0,73,,6466,7,,,0,33,,6452,7,,,0,75,,6451,7,,,0,35,,6442,7,,,0,75,,6438,7,,,0,75,,6453,7,,,0,35,,6436,7,,,0,75,,6458,7,,,0,35,,6454,7,,,0,75,,6463,7,,,0,73,,6465,7,,,0,33,,6441,7,,,0,73,,6461,7,,,0,33,,6460,7,,,0,73,,6445,7,,,0,33,,6444,7,,,0,73,,6459,7,,,0,30,,6446,7,,,0,69,,6455,7,,,0,30,,6470,7,,,0,70,,6468,7,,,0,10,,6449,7,,,0
101,'9ecf710c-601d-465c-83ad-25c219925bad',717,,6482,7,,,0,33,,6490,7,,,0,73,,6504,7,,,0,33,,6473,7,,,0,73,,6496,7,,,0,73,,6481,7,,,0,33,,6502,7,,,0,73,,6476,7,,,0,33,,6499,7,,,0,73,,6495,7,,,0,33,,6477,7,,,0,74,,6498,7,,,0,33,,6484,7,,,0,78,,6483,7,,,0,75,,6503,7,,,0,35,,6487,7,,,0,75,,6475,7,,,0,35,,6494,7,,,0,75,,6501,7,,,0,73,,6480,7,,,0,33,,6500,7,,,0,73,,6497,7,,,0,33,,6493,7,,,0,73,,6492,7,,,0,33,,6489,7,,,0,73,,6486,7,,,0,30,,6472,7,,,0,69,,6474,7,,,0,30,,6485,7,,,0,70,,6491,7,,,0,10,,6478,7,,,0
101,'bcaf19fe-11ef-4115-afbb-ac9c5f562f28',750,,6516,7,,,0,73,,6518,7,,,0,33,,6522,7,,,0,73,,6507,7,,,0,73,,6506,7,,,0,33,,6511,7,,,0,73,,6509,7,,,0,33,,6505,7,,,0,73,,6526,7,,,0,33,,6510,7,,,0,73,,6514,7,,,0,33,,6515,7,,,0,73,,6508,7,,,0,33,,6525,7,,,0,73,,6513,7,,,0,73,,6520,7,,,0,33,,6523,7,,,0,73,,6519,7,,,0,33,,6517,7,,,0,73,,6524,7,,,0,33,,6512,7,,,0
101,'bf660328-88ad-42b5-9a19-68afdd8f4a47',750,,6548,7,,,0,73,,6527,7,,,0,33,,6537,7,,,0,73,,6534,7,,,0,73,,6547,7,,,0,33,,6539,7,,,0,73,,6541,7,,,0,33,,6535,7,,,0,73,,6542,7,,,0,33,,6545,7,,,0,73,,6544,7,,,0,33,,6533,7,,,0,73,,6531,7,,,0,33,,6530,7,,,0,73,,6529,7,,,0,73,,6546,7,,,0,33,,6532,7,,,0,73,,6536,7,,,0,33,,6543,7,,,0,73,,6540,7,,,0,33,,6528,7,,,0
101,'ed28f9c7-46cd-41bf-a6ca-237f78214646',750,,6565,7,,,0,73,,6567,7,,,0,33,,6569,7,,,0,73,,6550,7,,,0,73,,6557,7,,,0,33,,6563,7,,,0,73,,6564,7,,,0,33,,6556,7,,,0,73,,6561,7,,,0,33,,6554,7,,,0,73,,6566,7,,,0,33,,6553,7,,,0,73,,6558,7,,,0,33,,6562,7,,,0,73,,6549,7,,,0,73,,6555,7,,,0,33,,6560,7,,,0,73,,6559,7,,,0,33,,6568,7,,,0,73,,6551,7,,,0,33,,6570,7,,,0
3006000,'1fe0d92c-9044-4814-8d20-55198bafd146',1944,,7795,4,,,0,85,,7792,4,,,0,85,,7791,4,,,0,45,,7794,4,,,0,85,,7790,4,,,0,85,,7793,4,,,0
3006000,'9ecf710c-601d-465c-83ad-25c219925bad',703,,7807,4,,,0,41,,7813,4,,,0,85,,7808,4,,,0,85,,7816,4,,,0,45,,7803,4,,,0,85,,7812,4,,,0,85,,7800,4,,,0,85,,7815,4,,,0,45,,7798,4,,,0,85,,7801,4,,,0,85,,7802,4,,,0,85,,7806,4,,,0,45,,7809,4,,,0,85,,7814,4,,,0,85,,7804,4,,,0,85,,7810,4,,,0,45,,7818,4,,,0,85,,7799,4,,,0,85,,7797,4,,,0,85,,7811,4,,,0,45,,7805,4,,,0,85,,7817,4,,,0,85,,7796,4,,,0
3006000,'bcaf19fe-11ef-4115-afbb-ac9c5f562f28',803,,7823,4,,,0,41,,7833,4,,,0,85,,7828,4,,,0,85,,7830,4,,,0,45,,7831,4,,,0,85,,7825,4,,,0,85,,7827,4,,,0,85,,7832,4,,,0,45,,7824,4,,,0,85,,7826,4,,,0,85,,7822,4,,,0,85,,7819,4,,,0,45,,7820,4,,,0,85,,7829,4,,,0,85,,7821,4,,,0
3006000,'bf660328-88ad-42b5-9a19-68afdd8f4a47',803,,7847,4,,,0,41,,7835,4,,,0,85,,7844,4,,,0,85,,7836,4,,,0,45,,7842,4,,,0,85,,7837,4,,,0,85,,7848,4,,,0,85,,7839,4,,,0,45,,7834,4,,,0,85,,7843,4,,,0,85,,7840,4,,,0,85,,7838,4,,,0,45,,7846,4,,,0,85,,7845,4,,,0,85,,7841,4,,,0
3006000,'ed28f9c7-46cd-41bf-a6ca-237f78214646',803,,7862,4,,,0,41,,7850,4,,,0,85,,7853,4,,,0,85,,7854,4,,,0,45,,7861,4,,,0,85,,7860,4,,,0,85,,7852,4,,,0,85,,7859,4,,,0,45,,7858,4,,,0,85,,7855,4,,,0,85,,7849,4,,,0,85,,7857,4,,,0,45,,7856,4,,,0,85,,7863,4,,,0,85,,7851,4,,,0
