1200,13005,1,0
1200,13006,2,0
1200,13007,3,0
1200,14020,4,0
1200,14013,5,0
1200,14014,6,1
1201,14014,1,0
1201,14022,2,0
1201,13061,3,0
1201,13001,4,1
2300,14016,1,0
2300,14017,2,0
2300,14019,3,0
2300,12181,4,0
2300,12183,5,0
2300,12184,6,0
2300,12185,7,0
2300,12186,8,0
2300,12104,9,0
2300,12217,10,0
2300,12131,11,0
2300,12128,12,0
2300,12126,13,0
2300,12127,14,0
2300,12300,15,0
2300,12301,16,0
2300,12302,17,0
2300,12119,18,0
2300,12120,19,0
2300,12199,20,0
2300,12200,21,0
2300,12201,22,0
2300,12202,23,0
2300,12203,24,0
2300,12204,25,0
2300,12205,26,0
2300,12206,27,0
2300,11279,28,0
2300,11251,29,0
2300,11156,30,0
2300,11154,31,0
2300,11152,32,0
2300,11150,33,0
2300,11068,34,0
2300,11148,35,0
2300,11275,36,0
2300,11030,37,0
2300,11035,38,0
2300,11052,39,0
2300,11112,40,0
2300,11114,41,0
2300,11116,42,0
2300,11118,43,0
2300,11097,44,0
2300,11069,45,0
2300,14013,46,1
2400,14021,1,0
2400,14012,2,0
2400,14002,3,0
2400,14033,4,0
2400,11253,5,0
2400,11097,6,0
2400,11121,7,0
2400,11119,8,0
2400,11115,9,0
2400,11113,10,0
2400,11111,11,0
2400,11052,12,0
2400,11031,13,0
2400,11276,14,0
2400,11147,15,0
2400,11067,16,0
2400,11149,17,0
2400,11151,18,0
2400,11153,19,0
2400,11155,20,0
2400,11278,21,0
2400,11157,22,0
2400,11158,23,0
2400,12028,24,0
2400,12029,25,0
2400,12207,26,0
2400,12208,27,0
2400,12209,28,0
2400,12210,29,0
2400,12211,30,0
2400,12212,31,0
2400,12213,32,0
2400,12214,33,0
2400,12126,34,0
2400,12127,35,0
2400,12300,36,0
2400,12301,37,0
2400,12302,38,0
2400,12119,39,0
2400,12120,40,0
2400,12129,41,0
2400,12130,42,0
2400,12217,43,0
2400,12105,44,0
2400,12103,45,0
2400,12182,46,0
2400,12180,47,0
2400,14019,48,1
3101,11262,1,0
3101,11263,2,0
3101,11264,3,0
3101,11020,4,0
3101,11021,5,0
3101,11022,6,0
3101,11023,7,0
3101,11024,8,0
3101,11025,9,0
3101,11273,10,0
3101,11026,11,0
3101,11035,12,0
3101,11052,13,1
3102,11052,1,0
3102,11277,2,0
3102,11007,3,0
3102,11008,4,0
3102,11009,5,0
3102,11010,6,0
3102,11033,7,0
3102,11001,8,0
3102,11002,9,0
3102,11003,10,0
3102,11032,11,0
3102,11004,12,0
3102,11005,13,0
3102,11006,14,0
3102,11011,15,0
3102,11012,16,0
3102,11013,17,0
3102,11254,18,0
3102,11255,19,0
3102,11256,20,0
3102,11258,21,0
3102,11259,22,0
3102,11016,23,0
3102,11017,24,0
3102,11018,25,0
3102,11260,26,0
3102,11261,27,0
3102,11262,28,1
3201,13034,1,0
3201,13035,2,0
3201,13036,3,0
3201,13037,4,0
3201,13038,5,0
3201,13039,6,0
3201,13040,7,0
3201,13041,8,0
3201,13063,9,0
3201,13064,10,0
3201,13065,11,0
3201,13066,12,0
3201,13067,13,0
3201,13068,14,0
3201,13069,15,0
3201,13070,16,0
3201,13083,17,0
3201,13085,18,0
3201,13086,19,0
3201,13087,20,0
3201,13088,21,0
3201,13005,22,1
3202,13001,1,0
3202,13006,2,0
3202,13007,3,0
3202,13451,4,0
3202,13090,5,0
3202,13029,6,0
3202,13089,7,0
3202,13031,8,0
3202,13032,9,0
3202,13033,10,0
3202,13034,11,1
3303,13002,1,0
3303,13006,2,0
3303,13007,3,0
3303,13452,4,0
3303,13011,5,0
3303,13012,6,0
3303,13013,7,0
3303,13014,8,0
3303,13015,9,0
3303,13016,10,0
3303,13017,11,0
3303,13018,12,0
3303,13019,13,0
3303,13020,14,1
3304,13020,1,0
3304,13021,2,0
3304,13400,3,0
3304,13401,4,0
3304,13402,5,0
3304,13403,6,0
3304,13404,7,0
3304,13022,8,0
3304,13023,9,0
3304,13024,10,0
3304,13059,11,0
3304,13060,12,0
3304,13009,13,0
3304,13008,14,0
3304,13061,15,0
3304,13002,16,1
3501,13310,1,0
3501,13301,2,0
3501,13042,3,0
3501,13041,4,0
3501,13313,5,0
3501,13308,6,0
3501,13309,7,0
3501,13306,8,0
3501,13307,9,0
3501,13302,10,0
3501,13303,11,0
3501,13050000,12,0
3501,13304,13,0
3501,13305,14,0
3501,13043,15,0
3501,13044,16,0
3501,13045,17,0
3501,13061,18,0
3501,13004,19,1
3502,13004,1,0
3502,13046,2,0
3502,13047,3,0
3502,13048,4,0
3502,13049,5,0
3502,13300,6,0
3502,13312,7,0
3502,13528,8,0
3502,13311,9,0
3502,13529,10,0
3502,13306,11,0
3502,13307,12,0
3502,13308,13,0
3502,13309,14,0
3502,13310,15,0
3502,13301,16,0
3502,13313,17,0
3502,13041,18,0
3502,13042,19,1
3603,13507,1,0
3603,13508,2,0
3603,13509,3,0
3603,13510,4,0
3603,13511,5,0
3603,13518,6,0
3603,13512,7,0
3603,13513,8,0
3603,13514,9,0
3603,13515,10,0
3603,13516,11,0
3603,13517,12,0
3603,13503,13,0
3603,13076,14,0
3603,13077,15,0
3603,13078,16,0
3603,13079,17,0
3603,13080,18,0
3603,13081,19,0
3603,13082,20,0
3603,13071,21,0
3603,13072,22,0
3603,13004,23,1
3604,13004,1,0
3604,13006,2,0
3604,13500,3,0
3604,13503,4,0
3604,13504,5,0
3604,13506,6,0
3604,13507,7,1
3703,13524,1,0
3703,13525,2,0
3703,13526,3,0
3703,13527,4,0
3703,13450,5,0
3703,13050003,6,0
3703,13061,7,0
3703,13006,8,0
3703,13004,9,1
3704,13004,1,0
3704,13006,2,0
3704,13007,3,0
3704,13452,4,0
3704,13010,5,0
3704,13520,6,0
3704,13521,7,0
3704,13522,8,0
3704,13523,9,0
3704,13524,10,1
14002000,14011,1,0
14002000,14012,2,0
14002000,14008,3,0
14002000,14006,4,0
14002000,14004,5,0
14002000,11110,6,0
14002000,11108,7,0
14002000,11105,8,0
14002000,11103,9,0
14002000,11225,10,0
14002000,11101,11,0
14002000,11100,12,0
14002000,11098,13,0
14002000,11097,14,0
14002000,11093,15,0
14002000,11091,16,0
14002000,11089,17,0
14002000,11087,18,0
14002000,11086,19,0
14002000,11224,20,0
14002000,11083,21,0
14002000,11081,22,0
14002000,11080,23,0
14002000,11078,24,0
14002000,11076,25,0
14002000,11073,26,0
14002000,11072,27,0
14002000,11070,28,0
14002000,11068,29,0
14002000,11066,30,0
14002000,11063,31,0
14002000,11062,32,0
14002000,11272,33,0
14002000,11059,34,0
14002000,11127,35,0
14002000,11126,36,0
14002000,11001,37,0
14002000,11002,38,0
14002000,11003,39,0
14002000,11032,40,0
14002000,11004,41,0
14002000,11006,42,0
14002000,11053,43,1
14002001,11052,1,0
14002001,11059,2,0
14002001,11060,3,0
14002001,11061,4,0
14002001,11064,5,0
14002001,11066,6,0
14002001,11067,7,0
14002001,9994,8,0
14002001,11071,9,0
14002001,11223,10,0
14002001,11074,11,0
14002001,11075,12,0
14002001,11077,13,0
14002001,11079,14,0
14002001,11082,15,0
14002001,11084,16,0
14002001,11085,17,0
14002001,11088,18,0
14002001,11090,19,0
14002001,11092,20,0
14002001,11253,21,0
14002001,11096,22,0
14002001,11099,23,0
14002001,11102,24,0
14002001,11104,25,0
14002001,11106,26,0
14002001,11107,27,0
14002001,11109,28,0
14002001,14003,29,0
14002001,14005,30,0
14002001,14007,31,0
14002001,14013,32,0
14002001,14015,33,1
14002103,14014,1,0
14002103,14031,2,0
14002103,12250,3,0
14002103,12251,4,0
14002103,12252,5,0
14002103,12342,6,0
14002103,11143,7,0
14002103,11140,8,0
14002103,11203,9,0
14002103,11204,10,0
14002103,11205,11,0
14002103,11206,12,0
14002103,11207,13,0
14002103,11208,14,1
14002104,11208,1,0
14002104,11223,2,0
14002104,11202,3,0
14002104,11133,4,0
14002104,11134,5,0
14002104,11137,6,0
14002104,11227,7,0
14002104,11141,8,0
14002104,11142,9,0
14002104,11144,10,0
14002104,12042,11,0
14002104,12043,12,0
14002104,12044,13,0
14002104,12039,14,0
14002104,14025,15,0
14002104,14016,16,1
14002200,11053,1,0
14002200,11031,2,0
14002200,11276,3,0
14002200,11209,4,0
14002200,11159,5,0
14002200,11252,6,0
14002200,11162,7,0
14002200,11164,8,0
14002200,11165,9,0
14002200,11149,10,0
14002200,11151,11,0
14002200,11168,12,0
14002200,11169,13,0
14002200,11172,14,0
14002200,11174,15,0
14002200,11176,16,0
14002200,11177,17,0
14002200,11179,18,0
14002200,11218,19,0
14002200,11182,20,0
14002200,11183,21,0
14002200,11186,22,0
14002200,11189,23,0
14002200,11143,24,0
14002200,11190,25,0
14002200,11191,26,0
14002200,11193,27,0
14002200,14009,28,0
14002200,14010,29,0
14002200,14015,30,1
14002201,14015,1,0
14002201,12219,2,0
14002201,12218,3,0
14002201,11192,4,0
14002201,11230,5,0
14002201,11229,6,0
14002201,11144,7,0
14002201,11188,8,0
14002201,11187,9,0
14002201,11185,10,0
14002201,11184,11,0
14002201,11250,12,0
14002201,11181,13,0
14002201,11180,14,0
14002201,11178,15,0
14002201,11173,16,0
14002201,11171,17,0
14002201,11170,18,0
14002201,11168,19,0
14002201,11152,20,0
14002201,11150,21,0
14002201,11166,22,0
14002201,11163,23,0
14002201,11039,24,0
14002201,11161,25,0
14002201,11160,26,0
14002201,11212,27,0
14002201,11211,28,0
14002201,11210,29,0
14002201,11275,30,0
14002201,11030,31,0
14002201,11035,32,0
14002201,11274,33,0
14002201,11022,34,0
14002201,11023,35,0
14002201,11024,36,0
14002201,11025,37,0
14002201,11273,38,0
14002201,11028,39,0
14002201,11029,40,0
14002201,11011,41,0
14002201,11034,42,0
14002201,11053,43,1
19002000,14015,1,0
19002000,14024,2,0
19002000,12334,3,0
19002000,12335,4,0
19002000,12336,5,0
19002000,12196,6,0
19002000,12049,7,0
19002000,12051,8,0
19002000,12055,9,0
19002000,12057,10,0
19002000,12060,11,0
19002000,12208,12,0
19002000,12209,13,0
19002000,12210,14,0
19002000,12338,15,0
19002000,12068,16,0
19002000,12070,17,0
19002000,12073,18,0
19002000,12076,19,0
19002000,12077,20,0
19002000,12078,21,0
19002000,12079,22,0
19002000,12081,23,0
19002000,12083,24,0
19002000,12085,25,0
19002000,12087,26,0
19002000,12089,27,0
19002000,12092,28,0
19002000,12093,29,0
19002000,12099,30,0
19002000,12214,31,0
19002000,12100,32,0
19002000,12340,33,0
19002000,12217,34,1
19002001,12217,1,0
19002001,12105,2,0
19002001,12339,3,0
19002001,12200,4,0
19002001,12099,5,0
19002001,12095,6,0
19002001,12096,7,0
19002001,12097,8,0
19002001,12098,9,0
19002001,12088,10,0
19002001,12086,11,0
19002001,12084,12,0
19002001,12082,13,0
19002001,12080,14,0
19002001,12078,15,0
19002001,12075,16,0
19002001,12072,17,0
19002001,12069,18,0
19002001,12065,19,0
19002001,12066,20,0
19002001,12337,21,0
19002001,12067,22,0
19002001,12202,23,0
19002001,12203,24,0
19002001,12061,25,0
19002001,12059,26,0
19002001,12053,27,0
19002001,12052,28,0
19002001,12050,29,0
19002001,12189,30,0
19002001,12190,31,0
19002001,12195,32,0
19002001,12192,33,0
19002001,12021,34,0
19002001,12039,35,0
19002001,14011,36,1
19002101,14016,1,0
19002101,14034,2,0
19002101,12038,3,0
19002101,12040,4,0
19002101,12022,5,0
19002101,12023,6,0
19002101,12025,7,0
19002101,12026,8,0
19002101,12027,9,0
19002101,12028,10,0
19002101,12029,11,0
19002101,12020,12,0
19002101,12019,13,0
19002101,12018,14,0
19002101,12017,15,0
19002101,12016,16,0
19002101,12015,17,0
19002101,12014,18,0
19002101,12013,19,0
19002101,12012,20,0
19002101,12011,21,0
19002101,12010,22,0
19002101,12330,23,0
19002101,12331,24,0
19002101,12303,25,0
19002101,12332,26,0
19002101,12333,27,0
19002101,13050001,28,0
19002101,11265,29,0
19002101,11266,30,0
19002101,11267,31,0
19002101,11271,32,1
19002102,11271,1,0
19002102,11268,2,0
19002102,11269,3,0
19002102,11270,4,0
19002102,11215,5,0
19002102,11235,6,0
19002102,11236,7,0
19002102,11216,8,0
19002102,11217,9,0
19002102,11048,10,0
19002102,11054,11,0
19002102,12010,12,0
19002102,12009,13,0
19002102,12008,14,0
19002102,12007,15,0
19002102,12006,16,0
19002102,12029,17,0
19002102,12031,18,0
19002102,12032,19,0
19002102,12033,20,0
19002102,12034,21,0
19002102,13050002,22,0
19002102,13050004,23,0
19002102,12035,24,0
19002102,12036,25,0
19002102,12037,26,0
19002102,14026,27,0
19002102,14022,28,0
19002102,14014,29,1
19002200,12217,1,0
19002200,12132,2,0
19002200,12133,3,0
19002200,12134,4,0
19002200,12135,5,0
19002200,12136,6,0
19002200,12138,7,0
19002200,12141,8,0
19002200,12142,9,0
19002200,12150,10,0
19002200,12151,11,0
19002200,12152,12,0
19002200,12153,13,0
19002200,12154,14,0
19002200,12158,15,0
19002200,12159,16,0
19002200,12160,17,0
19002200,12161,18,0
19002200,12164,19,0
19002200,12167,20,0
19002200,12169,21,0
19002200,12170,22,0
19002200,12172,23,0
19002200,14032,24,0
19002200,12177,25,0
19002200,12178,26,0
19002200,14020,27,0
19002200,14013,28,0
19002200,14015,29,1
19002201,14011,1,0
19002201,12176,2,0
19002201,12174,3,0
19002201,12047,4,0
19002201,12048,5,0
19002201,12168,6,0
19002201,12166,7,0
19002201,12165,8,0
19002201,12162,9,0
19002201,12163,10,0
19002201,12144,11,0
19002201,12145,12,0
19002201,12146,13,0
19002201,12211,14,0
19002201,12212,15,0
19002201,12147,16,0
19002201,12148,17,0
19002201,12149,18,0
19002201,12140,19,0
19002201,12139,20,0
19002201,12137,21,0
19002201,12186,22,0
19002201,12101,23,0
19002201,12121,24,0
19002201,12122,25,0
19002201,12113,26,0
19002201,12114,27,0
19002201,12115,28,0
19002201,12116,29,0
19002201,12329,30,0
19002201,12123,31,0
19002201,12124,32,0
19002201,12125,33,0
19002201,12126,34,0
19002201,12127,35,0
19002201,12300,36,0
19002201,12343,37,0
19002201,12326,38,0
19002201,12344,39,0
19002201,12327,40,0
19002201,12328,41,0
19002201,12119,42,0
19002201,12120,43,0
19002201,12129,44,0
19002201,12130,45,0
19002201,12217,46,1
